pcap,pcap_name,run_dir,frame.number,frame.time_epoch,frame.time,frame.len,frame.protocols,wpan.frame_type,wpan.seq_no,wpan.src64,wpan.dst64,wpan.src16,wpan.dst16,wpan.src_pan,wpan.dst_pan,ipv6.src,ipv6.dst,udp.srcport,udp.dstport,mle.cmd,mle.tlv.type,coap.code,coap.mid,icmpv6.type,icmpv6.code,mle.tlv.challenge,mle.tlv.response,mle.command_name
/home/ewout/.openclaw/workspace-softwaredeveloper/ESPHome-Thread-ED-Switch-Parent/testing/logs/mcast-4router-20runs-20260628-214706/20260629-004746-run16/mcast_sniffer_20260629-004746-run16.pcapng,mcast_sniffer_20260629-004746-run16.pcapng,20260629-004746-run16,1,1782686899.883819000,"Jun 29, 2026 00:48:19.883819000 CEST",89,wpan-tap:6lowpan:ipv6:udp:mle,0x0001,235,4e:7e:36:5a:fb:95:4f:b5,,,0xffff,,0x8f28,fe80::4c7e:365a:fb95:4fb5,ff02::2,19788,19788,9,1|3|14|18,,,,,a0216dc9dcfee491,,Parent Request
/home/ewout/.openclaw/workspace-softwaredeveloper/ESPHome-Thread-ED-Switch-Parent/testing/logs/mcast-4router-20runs-20260628-214706/20260629-004746-run16/mcast_sniffer_20260629-004746-run16.pcapng,mcast_sniffer_20260629-004746-run16.pcapng,20260629-004746-run16,2,1782686900.634393000,"Jun 29, 2026 00:48:20.634393000 CEST",89,wpan-tap:6lowpan:ipv6:udp:mle,0x0001,236,4e:7e:36:5a:fb:95:4f:b5,,,0xffff,,0x8f28,fe80::4c7e:365a:fb95:4fb5,ff02::2,19788,19788,9,1|3|14|18,,,,,14de2bfc10b724df,,Parent Request
/home/ewout/.openclaw/workspace-softwaredeveloper/ESPHome-Thread-ED-Switch-Parent/testing/logs/mcast-4router-20runs-20260628-214706/20260629-004746-run16/mcast_sniffer_20260629-004746-run16.pcapng,mcast_sniffer_20260629-004746-run16.pcapng,20260629-004746-run16,3,1782686901.387558000,"Jun 29, 2026 00:48:21.387558000 CEST",89,wpan-tap:6lowpan:ipv6:udp:mle,0x0001,237,4e:7e:36:5a:fb:95:4f:b5,,,0xffff,,0x8f28,fe80::4c7e:365a:fb95:4fb5,ff02::2,19788,19788,9,1|3|14|18,,,,,c63b148186002eb5,,Parent Request
/home/ewout/.openclaw/workspace-softwaredeveloper/ESPHome-Thread-ED-Switch-Parent/testing/logs/mcast-4router-20runs-20260628-214706/20260629-004746-run16/mcast_sniffer_20260629-004746-run16.pcapng,mcast_sniffer_20260629-004746-run16.pcapng,20260629-004746-run16,4,1782686902.641283000,"Jun 29, 2026 00:48:22.641283000 CEST",89,wpan-tap:6lowpan:ipv6:udp:mle,0x0001,238,4e:7e:36:5a:fb:95:4f:b5,,,0xffff,,0x8f28,fe80::4c7e:365a:fb95:4fb5,ff02::2,19788,19788,9,1|3|14|18,,,,,7397ab3f1b39654d,,Parent Request
/home/ewout/.openclaw/workspace-softwaredeveloper/ESPHome-Thread-ED-Switch-Parent/testing/logs/mcast-4router-20runs-20260628-214706/20260629-004746-run16/mcast_sniffer_20260629-004746-run16.pcapng,mcast_sniffer_20260629-004746-run16.pcapng,20260629-004746-run16,5,1782686903.896038000,"Jun 29, 2026 00:48:23.896038000 CEST",89,wpan-tap:6lowpan:ipv6:udp:mle,0x0001,239,4e:7e:36:5a:fb:95:4f:b5,,,0xffff,,0x8f28,fe80::4c7e:365a:fb95:4fb5,ff02::2,19788,19788,9,1|3|14|18,,,,,4a94706d47ebdc37,,Parent Request
/home/ewout/.openclaw/workspace-softwaredeveloper/ESPHome-Thread-ED-Switch-Parent/testing/logs/mcast-4router-20runs-20260628-214706/20260629-004746-run16/mcast_sniffer_20260629-004746-run16.pcapng,mcast_sniffer_20260629-004746-run16.pcapng,20260629-004746-run16,6,1782686904.798448000,"Jun 29, 2026 00:48:24.798448000 CEST",89,wpan-tap:6lowpan:ipv6:udp:mle,0x0001,150,ee:c0:2d:30:ed:95:26:84,,,0xffff,,0x8f28,fe80::ecc0:2d30:ed95:2684,ff02::2,19788,19788,9,1|3|14|18,,,,,0afdee48c6d75aab,,Parent Request
/home/ewout/.openclaw/workspace-softwaredeveloper/ESPHome-Thread-ED-Switch-Parent/testing/logs/mcast-4router-20runs-20260628-214706/20260629-004746-run16/mcast_sniffer_20260629-004746-run16.pcapng,mcast_sniffer_20260629-004746-run16.pcapng,20260629-004746-run16,7,1782686905.150881000,"Jun 29, 2026 00:48:25.150881000 CEST",89,wpan-tap:6lowpan:ipv6:udp:mle,0x0001,240,4e:7e:36:5a:fb:95:4f:b5,,,0xffff,,0x8f28,fe80::4c7e:365a:fb95:4fb5,ff02::2,19788,19788,9,1|3|14|18,,,,,0879a0e9f05d0bd8,,Parent Request
/home/ewout/.openclaw/workspace-softwaredeveloper/ESPHome-Thread-ED-Switch-Parent/testing/logs/mcast-4router-20runs-20260628-214706/20260629-004746-run16/mcast_sniffer_20260629-004746-run16.pcapng,mcast_sniffer_20260629-004746-run16.pcapng,20260629-004746-run16,8,1782686905.548738000,"Jun 29, 2026 00:48:25.548738000 CEST",89,wpan-tap:6lowpan:ipv6:udp:mle,0x0001,151,ee:c0:2d:30:ed:95:26:84,,,0xffff,,0x8f28,fe80::ecc0:2d30:ed95:2684,ff02::2,19788,19788,9,1|3|14|18,,,,,5111c1fb4764e903,,Parent Request
/home/ewout/.openclaw/workspace-softwaredeveloper/ESPHome-Thread-ED-Switch-Parent/testing/logs/mcast-4router-20runs-20260628-214706/20260629-004746-run16/mcast_sniffer_20260629-004746-run16.pcapng,mcast_sniffer_20260629-004746-run16.pcapng,20260629-004746-run16,9,1782686906.300898000,"Jun 29, 2026 00:48:26.300898000 CEST",89,wpan-tap:6lowpan:ipv6:udp:mle,0x0001,152,ee:c0:2d:30:ed:95:26:84,,,0xffff,,0x8f28,fe80::ecc0:2d30:ed95:2684,ff02::2,19788,19788,9,1|3|14|18,,,,,6ab8f95fa5662eaf,,Parent Request
/home/ewout/.openclaw/workspace-softwaredeveloper/ESPHome-Thread-ED-Switch-Parent/testing/logs/mcast-4router-20runs-20260628-214706/20260629-004746-run16/mcast_sniffer_20260629-004746-run16.pcapng,mcast_sniffer_20260629-004746-run16.pcapng,20260629-004746-run16,12,1782686907.554696000,"Jun 29, 2026 00:48:27.554696000 CEST",89,wpan-tap:6lowpan:ipv6:udp:mle,0x0001,153,ee:c0:2d:30:ed:95:26:84,,,0xffff,,0x8f28,fe80::ecc0:2d30:ed95:2684,ff02::2,19788,19788,9,1|3|14|18,,,,,2cfd80abbdcd9b52,,Parent Request
/home/ewout/.openclaw/workspace-softwaredeveloper/ESPHome-Thread-ED-Switch-Parent/testing/logs/mcast-4router-20runs-20260628-214706/20260629-004746-run16/mcast_sniffer_20260629-004746-run16.pcapng,mcast_sniffer_20260629-004746-run16.pcapng,20260629-004746-run16,13,1782686907.994464000,"Jun 29, 2026 00:48:27.994464000 CEST",139,wpan-tap:6lowpan:ipv6:udp:mle,0x0001,243,4e:7e:36:5a:fb:95:4f:b5,ee:c0:2d:30:ed:95:26:84,,,,0x8f28,fe80::4c7e:365a:fb95:4fb5,fe80::ecc0:2d30:ed95:2684,19788,19788,10,0|11|5|8|4|3|16|15|18,,,,,456e91c2c674a120,2cfd80abbdcd9b52,Parent Response
/home/ewout/.openclaw/workspace-softwaredeveloper/ESPHome-Thread-ED-Switch-Parent/testing/logs/mcast-4router-20runs-20260628-214706/20260629-004746-run16/mcast_sniffer_20260629-004746-run16.pcapng,mcast_sniffer_20260629-004746-run16.pcapng,20260629-004746-run16,15,1782686908.809851000,"Jun 29, 2026 00:48:28.809851000 CEST",124,wpan-tap:6lowpan:ipv6:udp:mle,0x0001,154,ee:c0:2d:30:ed:95:26:84,4e:7e:36:5a:fb:95:4f:b5,,,,0x8f28,fe80::ecc0:2d30:ed95:2684,fe80::4c7e:365a:fb95:4fb5,19788,19788,11,4|5|8|1|2|18|13|10|12|9|22,,,,,,456e91c2c674a120,Child ID Request
/home/ewout/.openclaw/workspace-softwaredeveloper/ESPHome-Thread-ED-Switch-Parent/testing/logs/mcast-4router-20runs-20260628-214706/20260629-004746-run16/mcast_sniffer_20260629-004746-run16.pcapng,mcast_sniffer_20260629-004746-run16.pcapng,20260629-004746-run16,17,1782686908.867558000,"Jun 29, 2026 00:48:28.867558000 CEST",122,wpan-tap:6lowpan:ipv6:udp:mle:thread_nwd:thread_meshcop,0x0001,244,4e:7e:36:5a:fb:95:4f:b5,ee:c0:2d:30:ed:95:26:84,,,,0x8f28,fe80::4c7e:365a:fb95:4fb5,fe80::ecc0:2d30:ed95:2684,19788,19788,12,0|11|22|10|12|9,,,,,,,Child ID Response
/home/ewout/.openclaw/workspace-softwaredeveloper/ESPHome-Thread-ED-Switch-Parent/testing/logs/mcast-4router-20runs-20260628-214706/20260629-004746-run16/mcast_sniffer_20260629-004746-run16.pcapng,mcast_sniffer_20260629-004746-run16.pcapng,20260629-004746-run16,20,1782686909.207309000,"Jun 29, 2026 00:48:29.207309000 CEST",89,wpan-tap:6lowpan:ipv6:udp:mle,0x0001,226,aa:8c:85:39:0e:9d:51:87,,,0xffff,,0x8f28,fe80::a88c:8539:e9d:5187,ff02::2,19788,19788,9,1|3|14|18,,,,,d2fa8cd9e937fe13,,Parent Request
/home/ewout/.openclaw/workspace-softwaredeveloper/ESPHome-Thread-ED-Switch-Parent/testing/logs/mcast-4router-20runs-20260628-214706/20260629-004746-run16/mcast_sniffer_20260629-004746-run16.pcapng,mcast_sniffer_20260629-004746-run16.pcapng,20260629-004746-run16,21,1782686909.343226000,"Jun 29, 2026 00:48:29.343226000 CEST",139,wpan-tap:6lowpan:ipv6:udp:mle,0x0001,246,4e:7e:36:5a:fb:95:4f:b5,aa:8c:85:39:0e:9d:51:87,,,,0x8f28,fe80::4c7e:365a:fb95:4fb5,fe80::a88c:8539:e9d:5187,19788,19788,10,0|11|5|8|4|3|16|15|18,,,,,a7e2aa52b0981837,d2fa8cd9e937fe13,Parent Response
/home/ewout/.openclaw/workspace-softwaredeveloper/ESPHome-Thread-ED-Switch-Parent/testing/logs/mcast-4router-20runs-20260628-214706/20260629-004746-run16/mcast_sniffer_20260629-004746-run16.pcapng,mcast_sniffer_20260629-004746-run16.pcapng,20260629-004746-run16,23,1782686909.954976000,"Jun 29, 2026 00:48:29.954976000 CEST",124,wpan-tap:6lowpan:ipv6:udp:mle,0x0001,227,aa:8c:85:39:0e:9d:51:87,4e:7e:36:5a:fb:95:4f:b5,,,,0x8f28,fe80::a88c:8539:e9d:5187,fe80::4c7e:365a:fb95:4fb5,19788,19788,11,4|5|8|1|2|18|13|10|12|9|22,,,,,,a7e2aa52b0981837,Child ID Request
/home/ewout/.openclaw/workspace-softwaredeveloper/ESPHome-Thread-ED-Switch-Parent/testing/logs/mcast-4router-20runs-20260628-214706/20260629-004746-run16/mcast_sniffer_20260629-004746-run16.pcapng,mcast_sniffer_20260629-004746-run16.pcapng,20260629-004746-run16,25,1782686910.014710000,"Jun 29, 2026 00:48:30.014710000 CEST",122,wpan-tap:6lowpan:ipv6:udp:mle:thread_nwd:thread_meshcop,0x0001,247,4e:7e:36:5a:fb:95:4f:b5,aa:8c:85:39:0e:9d:51:87,,,,0x8f28,fe80::4c7e:365a:fb95:4fb5,fe80::a88c:8539:e9d:5187,19788,19788,12,0|11|22|10|12|9,,,,,,,Child ID Response
/home/ewout/.openclaw/workspace-softwaredeveloper/ESPHome-Thread-ED-Switch-Parent/testing/logs/mcast-4router-20runs-20260628-214706/20260629-004746-run16/mcast_sniffer_20260629-004746-run16.pcapng,mcast_sniffer_20260629-004746-run16.pcapng,20260629-004746-run16,28,1782686913.132786000,"Jun 29, 2026 00:48:33.132786000 CEST",89,wpan-tap:6lowpan:ipv6:udp:mle,0x0001,244,2e:b3:16:12:7f:fd:e6:22,,,0xffff,,0x8f28,fe80::2cb3:1612:7ffd:e622,ff02::2,19788,19788,9,1|3|14|18,,,,,eadc1f376f063a75,,Parent Request
/home/ewout/.openclaw/workspace-softwaredeveloper/ESPHome-Thread-ED-Switch-Parent/testing/logs/mcast-4router-20runs-20260628-214706/20260629-004746-run16/mcast_sniffer_20260629-004746-run16.pcapng,mcast_sniffer_20260629-004746-run16.pcapng,20260629-004746-run16,29,1782686913.176890000,"Jun 29, 2026 00:48:33.176890000 CEST",139,wpan-tap:6lowpan:ipv6:udp:mle,0x0001,249,4e:7e:36:5a:fb:95:4f:b5,2e:b3:16:12:7f:fd:e6:22,,,,0x8f28,fe80::4c7e:365a:fb95:4fb5,fe80::2cb3:1612:7ffd:e622,19788,19788,10,0|11|5|8|4|3|16|15|18,,,,,89c4f6c3c50170ab,eadc1f376f063a75,Parent Response
/home/ewout/.openclaw/workspace-softwaredeveloper/ESPHome-Thread-ED-Switch-Parent/testing/logs/mcast-4router-20runs-20260628-214706/20260629-004746-run16/mcast_sniffer_20260629-004746-run16.pcapng,mcast_sniffer_20260629-004746-run16.pcapng,20260629-004746-run16,30,1782686913.198889000,"Jun 29, 2026 00:48:33.198889000 CEST",139,wpan-tap:6lowpan:ipv6:udp:mle,0x0001,249,4e:7e:36:5a:fb:95:4f:b5,2e:b3:16:12:7f:fd:e6:22,,,,0x8f28,fe80::4c7e:365a:fb95:4fb5,fe80::2cb3:1612:7ffd:e622,19788,19788,10,0|11|5|8|4|3|16|15|18,,,,,89c4f6c3c50170ab,eadc1f376f063a75,Parent Response
/home/ewout/.openclaw/workspace-softwaredeveloper/ESPHome-Thread-ED-Switch-Parent/testing/logs/mcast-4router-20runs-20260628-214706/20260629-004746-run16/mcast_sniffer_20260629-004746-run16.pcapng,mcast_sniffer_20260629-004746-run16.pcapng,20260629-004746-run16,31,1782686913.220123000,"Jun 29, 2026 00:48:33.220123000 CEST",139,wpan-tap:6lowpan:ipv6:udp:mle,0x0001,249,4e:7e:36:5a:fb:95:4f:b5,2e:b3:16:12:7f:fd:e6:22,,,,0x8f28,fe80::4c7e:365a:fb95:4fb5,fe80::2cb3:1612:7ffd:e622,19788,19788,10,0|11|5|8|4|3|16|15|18,,,,,89c4f6c3c50170ab,eadc1f376f063a75,Parent Response
/home/ewout/.openclaw/workspace-softwaredeveloper/ESPHome-Thread-ED-Switch-Parent/testing/logs/mcast-4router-20runs-20260628-214706/20260629-004746-run16/mcast_sniffer_20260629-004746-run16.pcapng,mcast_sniffer_20260629-004746-run16.pcapng,20260629-004746-run16,32,1782686913.240770000,"Jun 29, 2026 00:48:33.240770000 CEST",139,wpan-tap:6lowpan:ipv6:udp:mle,0x0001,249,4e:7e:36:5a:fb:95:4f:b5,2e:b3:16:12:7f:fd:e6:22,,,,0x8f28,fe80::4c7e:365a:fb95:4fb5,fe80::2cb3:1612:7ffd:e622,19788,19788,10,0|11|5|8|4|3|16|15|18,,,,,89c4f6c3c50170ab,eadc1f376f063a75,Parent Response
/home/ewout/.openclaw/workspace-softwaredeveloper/ESPHome-Thread-ED-Switch-Parent/testing/logs/mcast-4router-20runs-20260628-214706/20260629-004746-run16/mcast_sniffer_20260629-004746-run16.pcapng,mcast_sniffer_20260629-004746-run16.pcapng,20260629-004746-run16,33,1782686913.262315000,"Jun 29, 2026 00:48:33.262315000 CEST",139,wpan-tap:6lowpan:ipv6:udp:mle,0x0001,249,4e:7e:36:5a:fb:95:4f:b5,2e:b3:16:12:7f:fd:e6:22,,,,0x8f28,fe80::4c7e:365a:fb95:4fb5,fe80::2cb3:1612:7ffd:e622,19788,19788,10,0|11|5|8|4|3|16|15|18,,,,,89c4f6c3c50170ab,eadc1f376f063a75,Parent Response
/home/ewout/.openclaw/workspace-softwaredeveloper/ESPHome-Thread-ED-Switch-Parent/testing/logs/mcast-4router-20runs-20260628-214706/20260629-004746-run16/mcast_sniffer_20260629-004746-run16.pcapng,mcast_sniffer_20260629-004746-run16.pcapng,20260629-004746-run16,34,1782686913.283085000,"Jun 29, 2026 00:48:33.283085000 CEST",139,wpan-tap:6lowpan:ipv6:udp:mle,0x0001,249,4e:7e:36:5a:fb:95:4f:b5,2e:b3:16:12:7f:fd:e6:22,,,,0x8f28,fe80::4c7e:365a:fb95:4fb5,fe80::2cb3:1612:7ffd:e622,19788,19788,10,0|11|5|8|4|3|16|15|18,,,,,89c4f6c3c50170ab,eadc1f376f063a75,Parent Response
/home/ewout/.openclaw/workspace-softwaredeveloper/ESPHome-Thread-ED-Switch-Parent/testing/logs/mcast-4router-20runs-20260628-214706/20260629-004746-run16/mcast_sniffer_20260629-004746-run16.pcapng,mcast_sniffer_20260629-004746-run16.pcapng,20260629-004746-run16,35,1782686913.306734000,"Jun 29, 2026 00:48:33.306734000 CEST",139,wpan-tap:6lowpan:ipv6:udp:mle,0x0001,249,4e:7e:36:5a:fb:95:4f:b5,2e:b3:16:12:7f:fd:e6:22,,,,0x8f28,fe80::4c7e:365a:fb95:4fb5,fe80::2cb3:1612:7ffd:e622,19788,19788,10,0|11|5|8|4|3|16|15|18,,,,,89c4f6c3c50170ab,eadc1f376f063a75,Parent Response
/home/ewout/.openclaw/workspace-softwaredeveloper/ESPHome-Thread-ED-Switch-Parent/testing/logs/mcast-4router-20runs-20260628-214706/20260629-004746-run16/mcast_sniffer_20260629-004746-run16.pcapng,mcast_sniffer_20260629-004746-run16.pcapng,20260629-004746-run16,36,1782686913.331795000,"Jun 29, 2026 00:48:33.331795000 CEST",139,wpan-tap:6lowpan:ipv6:udp:mle,0x0001,249,4e:7e:36:5a:fb:95:4f:b5,2e:b3:16:12:7f:fd:e6:22,,,,0x8f28,fe80::4c7e:365a:fb95:4fb5,fe80::2cb3:1612:7ffd:e622,19788,19788,10,0|11|5|8|4|3|16|15|18,,,,,89c4f6c3c50170ab,eadc1f376f063a75,Parent Response
/home/ewout/.openclaw/workspace-softwaredeveloper/ESPHome-Thread-ED-Switch-Parent/testing/logs/mcast-4router-20runs-20260628-214706/20260629-004746-run16/mcast_sniffer_20260629-004746-run16.pcapng,mcast_sniffer_20260629-004746-run16.pcapng,20260629-004746-run16,37,1782686913.355787000,"Jun 29, 2026 00:48:33.355787000 CEST",139,wpan-tap:6lowpan:ipv6:udp:mle,0x0001,249,4e:7e:36:5a:fb:95:4f:b5,2e:b3:16:12:7f:fd:e6:22,,,,0x8f28,fe80::4c7e:365a:fb95:4fb5,fe80::2cb3:1612:7ffd:e622,19788,19788,10,0|11|5|8|4|3|16|15|18,,,,,89c4f6c3c50170ab,eadc1f376f063a75,Parent Response
/home/ewout/.openclaw/workspace-softwaredeveloper/ESPHome-Thread-ED-Switch-Parent/testing/logs/mcast-4router-20runs-20260628-214706/20260629-004746-run16/mcast_sniffer_20260629-004746-run16.pcapng,mcast_sniffer_20260629-004746-run16.pcapng,20260629-004746-run16,38,1782686913.378777000,"Jun 29, 2026 00:48:33.378777000 CEST",139,wpan-tap:6lowpan:ipv6:udp:mle,0x0001,249,4e:7e:36:5a:fb:95:4f:b5,2e:b3:16:12:7f:fd:e6:22,,,,0x8f28,fe80::4c7e:365a:fb95:4fb5,fe80::2cb3:1612:7ffd:e622,19788,19788,10,0|11|5|8|4|3|16|15|18,,,,,89c4f6c3c50170ab,eadc1f376f063a75,Parent Response
/home/ewout/.openclaw/workspace-softwaredeveloper/ESPHome-Thread-ED-Switch-Parent/testing/logs/mcast-4router-20runs-20260628-214706/20260629-004746-run16/mcast_sniffer_20260629-004746-run16.pcapng,mcast_sniffer_20260629-004746-run16.pcapng,20260629-004746-run16,39,1782686913.399787000,"Jun 29, 2026 00:48:33.399787000 CEST",139,wpan-tap:6lowpan:ipv6:udp:mle,0x0001,249,4e:7e:36:5a:fb:95:4f:b5,2e:b3:16:12:7f:fd:e6:22,,,,0x8f28,fe80::4c7e:365a:fb95:4fb5,fe80::2cb3:1612:7ffd:e622,19788,19788,10,0|11|5|8|4|3|16|15|18,,,,,89c4f6c3c50170ab,eadc1f376f063a75,Parent Response
/home/ewout/.openclaw/workspace-softwaredeveloper/ESPHome-Thread-ED-Switch-Parent/testing/logs/mcast-4router-20runs-20260628-214706/20260629-004746-run16/mcast_sniffer_20260629-004746-run16.pcapng,mcast_sniffer_20260629-004746-run16.pcapng,20260629-004746-run16,40,1782686913.422914000,"Jun 29, 2026 00:48:33.422914000 CEST",139,wpan-tap:6lowpan:ipv6:udp:mle,0x0001,249,4e:7e:36:5a:fb:95:4f:b5,2e:b3:16:12:7f:fd:e6:22,,,,0x8f28,fe80::4c7e:365a:fb95:4fb5,fe80::2cb3:1612:7ffd:e622,19788,19788,10,0|11|5|8|4|3|16|15|18,,,,,89c4f6c3c50170ab,eadc1f376f063a75,Parent Response
/home/ewout/.openclaw/workspace-softwaredeveloper/ESPHome-Thread-ED-Switch-Parent/testing/logs/mcast-4router-20runs-20260628-214706/20260629-004746-run16/mcast_sniffer_20260629-004746-run16.pcapng,mcast_sniffer_20260629-004746-run16.pcapng,20260629-004746-run16,41,1782686913.444584000,"Jun 29, 2026 00:48:33.444584000 CEST",139,wpan-tap:6lowpan:ipv6:udp:mle,0x0001,249,4e:7e:36:5a:fb:95:4f:b5,2e:b3:16:12:7f:fd:e6:22,,,,0x8f28,fe80::4c7e:365a:fb95:4fb5,fe80::2cb3:1612:7ffd:e622,19788,19788,10,0|11|5|8|4|3|16|15|18,,,,,89c4f6c3c50170ab,eadc1f376f063a75,Parent Response
/home/ewout/.openclaw/workspace-softwaredeveloper/ESPHome-Thread-ED-Switch-Parent/testing/logs/mcast-4router-20runs-20260628-214706/20260629-004746-run16/mcast_sniffer_20260629-004746-run16.pcapng,mcast_sniffer_20260629-004746-run16.pcapng,20260629-004746-run16,42,1782686913.465248000,"Jun 29, 2026 00:48:33.465248000 CEST",139,wpan-tap:6lowpan:ipv6:udp:mle,0x0001,249,4e:7e:36:5a:fb:95:4f:b5,2e:b3:16:12:7f:fd:e6:22,,,,0x8f28,fe80::4c7e:365a:fb95:4fb5,fe80::2cb3:1612:7ffd:e622,19788,19788,10,0|11|5|8|4|3|16|15|18,,,,,89c4f6c3c50170ab,eadc1f376f063a75,Parent Response
/home/ewout/.openclaw/workspace-softwaredeveloper/ESPHome-Thread-ED-Switch-Parent/testing/logs/mcast-4router-20runs-20260628-214706/20260629-004746-run16/mcast_sniffer_20260629-004746-run16.pcapng,mcast_sniffer_20260629-004746-run16.pcapng,20260629-004746-run16,43,1782686913.487784000,"Jun 29, 2026 00:48:33.487784000 CEST",139,wpan-tap:6lowpan:ipv6:udp:mle,0x0001,249,4e:7e:36:5a:fb:95:4f:b5,2e:b3:16:12:7f:fd:e6:22,,,,0x8f28,fe80::4c7e:365a:fb95:4fb5,fe80::2cb3:1612:7ffd:e622,19788,19788,10,0|11|5|8|4|3|16|15|18,,,,,89c4f6c3c50170ab,eadc1f376f063a75,Parent Response
/home/ewout/.openclaw/workspace-softwaredeveloper/ESPHome-Thread-ED-Switch-Parent/testing/logs/mcast-4router-20runs-20260628-214706/20260629-004746-run16/mcast_sniffer_20260629-004746-run16.pcapng,mcast_sniffer_20260629-004746-run16.pcapng,20260629-004746-run16,44,1782686913.512798000,"Jun 29, 2026 00:48:33.512798000 CEST",139,wpan-tap:6lowpan:ipv6:udp:mle,0x0001,249,4e:7e:36:5a:fb:95:4f:b5,2e:b3:16:12:7f:fd:e6:22,,,,0x8f28,fe80::4c7e:365a:fb95:4fb5,fe80::2cb3:1612:7ffd:e622,19788,19788,10,0|11|5|8|4|3|16|15|18,,,,,89c4f6c3c50170ab,eadc1f376f063a75,Parent Response
/home/ewout/.openclaw/workspace-softwaredeveloper/ESPHome-Thread-ED-Switch-Parent/testing/logs/mcast-4router-20runs-20260628-214706/20260629-004746-run16/mcast_sniffer_20260629-004746-run16.pcapng,mcast_sniffer_20260629-004746-run16.pcapng,20260629-004746-run16,45,1782686913.879810000,"Jun 29, 2026 00:48:33.879810000 CEST",89,wpan-tap:6lowpan:ipv6:udp:mle,0x0001,245,2e:b3:16:12:7f:fd:e6:22,,,0xffff,,0x8f28,fe80::2cb3:1612:7ffd:e622,ff02::2,19788,19788,9,1|3|14|18,,,,,74a8b643e5c7f598,,Parent Request
/home/ewout/.openclaw/workspace-softwaredeveloper/ESPHome-Thread-ED-Switch-Parent/testing/logs/mcast-4router-20runs-20260628-214706/20260629-004746-run16/mcast_sniffer_20260629-004746-run16.pcapng,mcast_sniffer_20260629-004746-run16.pcapng,20260629-004746-run16,46,1782686914.035467000,"Jun 29, 2026 00:48:34.035467000 CEST",139,wpan-tap:6lowpan:ipv6:udp:mle,0x0001,250,4e:7e:36:5a:fb:95:4f:b5,2e:b3:16:12:7f:fd:e6:22,,,,0x8f28,fe80::4c7e:365a:fb95:4fb5,fe80::2cb3:1612:7ffd:e622,19788,19788,10,0|11|5|8|4|3|16|15|18,,,,,549fda95f284d5d1,74a8b643e5c7f598,Parent Response
/home/ewout/.openclaw/workspace-softwaredeveloper/ESPHome-Thread-ED-Switch-Parent/testing/logs/mcast-4router-20runs-20260628-214706/20260629-004746-run16/mcast_sniffer_20260629-004746-run16.pcapng,mcast_sniffer_20260629-004746-run16.pcapng,20260629-004746-run16,47,1782686914.056810000,"Jun 29, 2026 00:48:34.056810000 CEST",139,wpan-tap:6lowpan:ipv6:udp:mle,0x0001,250,4e:7e:36:5a:fb:95:4f:b5,2e:b3:16:12:7f:fd:e6:22,,,,0x8f28,fe80::4c7e:365a:fb95:4fb5,fe80::2cb3:1612:7ffd:e622,19788,19788,10,0|11|5|8|4|3|16|15|18,,,,,549fda95f284d5d1,74a8b643e5c7f598,Parent Response
/home/ewout/.openclaw/workspace-softwaredeveloper/ESPHome-Thread-ED-Switch-Parent/testing/logs/mcast-4router-20runs-20260628-214706/20260629-004746-run16/mcast_sniffer_20260629-004746-run16.pcapng,mcast_sniffer_20260629-004746-run16.pcapng,20260629-004746-run16,48,1782686914.079676000,"Jun 29, 2026 00:48:34.079676000 CEST",139,wpan-tap:6lowpan:ipv6:udp:mle,0x0001,250,4e:7e:36:5a:fb:95:4f:b5,2e:b3:16:12:7f:fd:e6:22,,,,0x8f28,fe80::4c7e:365a:fb95:4fb5,fe80::2cb3:1612:7ffd:e622,19788,19788,10,0|11|5|8|4|3|16|15|18,,,,,549fda95f284d5d1,74a8b643e5c7f598,Parent Response
/home/ewout/.openclaw/workspace-softwaredeveloper/ESPHome-Thread-ED-Switch-Parent/testing/logs/mcast-4router-20runs-20260628-214706/20260629-004746-run16/mcast_sniffer_20260629-004746-run16.pcapng,mcast_sniffer_20260629-004746-run16.pcapng,20260629-004746-run16,49,1782686914.099814000,"Jun 29, 2026 00:48:34.099814000 CEST",139,wpan-tap:6lowpan:ipv6:udp:mle,0x0001,250,4e:7e:36:5a:fb:95:4f:b5,2e:b3:16:12:7f:fd:e6:22,,,,0x8f28,fe80::4c7e:365a:fb95:4fb5,fe80::2cb3:1612:7ffd:e622,19788,19788,10,0|11|5|8|4|3|16|15|18,,,,,549fda95f284d5d1,74a8b643e5c7f598,Parent Response
/home/ewout/.openclaw/workspace-softwaredeveloper/ESPHome-Thread-ED-Switch-Parent/testing/logs/mcast-4router-20runs-20260628-214706/20260629-004746-run16/mcast_sniffer_20260629-004746-run16.pcapng,mcast_sniffer_20260629-004746-run16.pcapng,20260629-004746-run16,50,1782686914.121663000,"Jun 29, 2026 00:48:34.121663000 CEST",139,wpan-tap:6lowpan:ipv6:udp:mle,0x0001,250,4e:7e:36:5a:fb:95:4f:b5,2e:b3:16:12:7f:fd:e6:22,,,,0x8f28,fe80::4c7e:365a:fb95:4fb5,fe80::2cb3:1612:7ffd:e622,19788,19788,10,0|11|5|8|4|3|16|15|18,,,,,549fda95f284d5d1,74a8b643e5c7f598,Parent Response
/home/ewout/.openclaw/workspace-softwaredeveloper/ESPHome-Thread-ED-Switch-Parent/testing/logs/mcast-4router-20runs-20260628-214706/20260629-004746-run16/mcast_sniffer_20260629-004746-run16.pcapng,mcast_sniffer_20260629-004746-run16.pcapng,20260629-004746-run16,51,1782686914.142955000,"Jun 29, 2026 00:48:34.142955000 CEST",139,wpan-tap:6lowpan:ipv6:udp:mle,0x0001,250,4e:7e:36:5a:fb:95:4f:b5,2e:b3:16:12:7f:fd:e6:22,,,,0x8f28,fe80::4c7e:365a:fb95:4fb5,fe80::2cb3:1612:7ffd:e622,19788,19788,10,0|11|5|8|4|3|16|15|18,,,,,549fda95f284d5d1,74a8b643e5c7f598,Parent Response
/home/ewout/.openclaw/workspace-softwaredeveloper/ESPHome-Thread-ED-Switch-Parent/testing/logs/mcast-4router-20runs-20260628-214706/20260629-004746-run16/mcast_sniffer_20260629-004746-run16.pcapng,mcast_sniffer_20260629-004746-run16.pcapng,20260629-004746-run16,52,1782686914.162806000,"Jun 29, 2026 00:48:34.162806000 CEST",139,wpan-tap:6lowpan:ipv6:udp:mle,0x0001,250,4e:7e:36:5a:fb:95:4f:b5,2e:b3:16:12:7f:fd:e6:22,,,,0x8f28,fe80::4c7e:365a:fb95:4fb5,fe80::2cb3:1612:7ffd:e622,19788,19788,10,0|11|5|8|4|3|16|15|18,,,,,549fda95f284d5d1,74a8b643e5c7f598,Parent Response
/home/ewout/.openclaw/workspace-softwaredeveloper/ESPHome-Thread-ED-Switch-Parent/testing/logs/mcast-4router-20runs-20260628-214706/20260629-004746-run16/mcast_sniffer_20260629-004746-run16.pcapng,mcast_sniffer_20260629-004746-run16.pcapng,20260629-004746-run16,53,1782686914.187821000,"Jun 29, 2026 00:48:34.187821000 CEST",139,wpan-tap:6lowpan:ipv6:udp:mle,0x0001,250,4e:7e:36:5a:fb:95:4f:b5,2e:b3:16:12:7f:fd:e6:22,,,,0x8f28,fe80::4c7e:365a:fb95:4fb5,fe80::2cb3:1612:7ffd:e622,19788,19788,10,0|11|5|8|4|3|16|15|18,,,,,549fda95f284d5d1,74a8b643e5c7f598,Parent Response
/home/ewout/.openclaw/workspace-softwaredeveloper/ESPHome-Thread-ED-Switch-Parent/testing/logs/mcast-4router-20runs-20260628-214706/20260629-004746-run16/mcast_sniffer_20260629-004746-run16.pcapng,mcast_sniffer_20260629-004746-run16.pcapng,20260629-004746-run16,54,1782686914.208814000,"Jun 29, 2026 00:48:34.208814000 CEST",139,wpan-tap:6lowpan:ipv6:udp:mle,0x0001,250,4e:7e:36:5a:fb:95:4f:b5,2e:b3:16:12:7f:fd:e6:22,,,,0x8f28,fe80::4c7e:365a:fb95:4fb5,fe80::2cb3:1612:7ffd:e622,19788,19788,10,0|11|5|8|4|3|16|15|18,,,,,549fda95f284d5d1,74a8b643e5c7f598,Parent Response
/home/ewout/.openclaw/workspace-softwaredeveloper/ESPHome-Thread-ED-Switch-Parent/testing/logs/mcast-4router-20runs-20260628-214706/20260629-004746-run16/mcast_sniffer_20260629-004746-run16.pcapng,mcast_sniffer_20260629-004746-run16.pcapng,20260629-004746-run16,55,1782686914.231811000,"Jun 29, 2026 00:48:34.231811000 CEST",139,wpan-tap:6lowpan:ipv6:udp:mle,0x0001,250,4e:7e:36:5a:fb:95:4f:b5,2e:b3:16:12:7f:fd:e6:22,,,,0x8f28,fe80::4c7e:365a:fb95:4fb5,fe80::2cb3:1612:7ffd:e622,19788,19788,10,0|11|5|8|4|3|16|15|18,,,,,549fda95f284d5d1,74a8b643e5c7f598,Parent Response
/home/ewout/.openclaw/workspace-softwaredeveloper/ESPHome-Thread-ED-Switch-Parent/testing/logs/mcast-4router-20runs-20260628-214706/20260629-004746-run16/mcast_sniffer_20260629-004746-run16.pcapng,mcast_sniffer_20260629-004746-run16.pcapng,20260629-004746-run16,56,1782686914.254826000,"Jun 29, 2026 00:48:34.254826000 CEST",139,wpan-tap:6lowpan:ipv6:udp:mle,0x0001,250,4e:7e:36:5a:fb:95:4f:b5,2e:b3:16:12:7f:fd:e6:22,,,,0x8f28,fe80::4c7e:365a:fb95:4fb5,fe80::2cb3:1612:7ffd:e622,19788,19788,10,0|11|5|8|4|3|16|15|18,,,,,549fda95f284d5d1,74a8b643e5c7f598,Parent Response
/home/ewout/.openclaw/workspace-softwaredeveloper/ESPHome-Thread-ED-Switch-Parent/testing/logs/mcast-4router-20runs-20260628-214706/20260629-004746-run16/mcast_sniffer_20260629-004746-run16.pcapng,mcast_sniffer_20260629-004746-run16.pcapng,20260629-004746-run16,57,1782686914.274823000,"Jun 29, 2026 00:48:34.274823000 CEST",139,wpan-tap:6lowpan:ipv6:udp:mle,0x0001,250,4e:7e:36:5a:fb:95:4f:b5,2e:b3:16:12:7f:fd:e6:22,,,,0x8f28,fe80::4c7e:365a:fb95:4fb5,fe80::2cb3:1612:7ffd:e622,19788,19788,10,0|11|5|8|4|3|16|15|18,,,,,549fda95f284d5d1,74a8b643e5c7f598,Parent Response
/home/ewout/.openclaw/workspace-softwaredeveloper/ESPHome-Thread-ED-Switch-Parent/testing/logs/mcast-4router-20runs-20260628-214706/20260629-004746-run16/mcast_sniffer_20260629-004746-run16.pcapng,mcast_sniffer_20260629-004746-run16.pcapng,20260629-004746-run16,58,1782686914.297170000,"Jun 29, 2026 00:48:34.297170000 CEST",139,wpan-tap:6lowpan:ipv6:udp:mle,0x0001,250,4e:7e:36:5a:fb:95:4f:b5,2e:b3:16:12:7f:fd:e6:22,,,,0x8f28,fe80::4c7e:365a:fb95:4fb5,fe80::2cb3:1612:7ffd:e622,19788,19788,10,0|11|5|8|4|3|16|15|18,,,,,549fda95f284d5d1,74a8b643e5c7f598,Parent Response
/home/ewout/.openclaw/workspace-softwaredeveloper/ESPHome-Thread-ED-Switch-Parent/testing/logs/mcast-4router-20runs-20260628-214706/20260629-004746-run16/mcast_sniffer_20260629-004746-run16.pcapng,mcast_sniffer_20260629-004746-run16.pcapng,20260629-004746-run16,59,1782686914.321422000,"Jun 29, 2026 00:48:34.321422000 CEST",139,wpan-tap:6lowpan:ipv6:udp:mle,0x0001,250,4e:7e:36:5a:fb:95:4f:b5,2e:b3:16:12:7f:fd:e6:22,,,,0x8f28,fe80::4c7e:365a:fb95:4fb5,fe80::2cb3:1612:7ffd:e622,19788,19788,10,0|11|5|8|4|3|16|15|18,,,,,549fda95f284d5d1,74a8b643e5c7f598,Parent Response
/home/ewout/.openclaw/workspace-softwaredeveloper/ESPHome-Thread-ED-Switch-Parent/testing/logs/mcast-4router-20runs-20260628-214706/20260629-004746-run16/mcast_sniffer_20260629-004746-run16.pcapng,mcast_sniffer_20260629-004746-run16.pcapng,20260629-004746-run16,60,1782686914.341820000,"Jun 29, 2026 00:48:34.341820000 CEST",139,wpan-tap:6lowpan:ipv6:udp:mle,0x0001,250,4e:7e:36:5a:fb:95:4f:b5,2e:b3:16:12:7f:fd:e6:22,,,,0x8f28,fe80::4c7e:365a:fb95:4fb5,fe80::2cb3:1612:7ffd:e622,19788,19788,10,0|11|5|8|4|3|16|15|18,,,,,549fda95f284d5d1,74a8b643e5c7f598,Parent Response
/home/ewout/.openclaw/workspace-softwaredeveloper/ESPHome-Thread-ED-Switch-Parent/testing/logs/mcast-4router-20runs-20260628-214706/20260629-004746-run16/mcast_sniffer_20260629-004746-run16.pcapng,mcast_sniffer_20260629-004746-run16.pcapng,20260629-004746-run16,61,1782686914.366831000,"Jun 29, 2026 00:48:34.366831000 CEST",139,wpan-tap:6lowpan:ipv6:udp:mle,0x0001,250,4e:7e:36:5a:fb:95:4f:b5,2e:b3:16:12:7f:fd:e6:22,,,,0x8f28,fe80::4c7e:365a:fb95:4fb5,fe80::2cb3:1612:7ffd:e622,19788,19788,10,0|11|5|8|4|3|16|15|18,,,,,549fda95f284d5d1,74a8b643e5c7f598,Parent Response
/home/ewout/.openclaw/workspace-softwaredeveloper/ESPHome-Thread-ED-Switch-Parent/testing/logs/mcast-4router-20runs-20260628-214706/20260629-004746-run16/mcast_sniffer_20260629-004746-run16.pcapng,mcast_sniffer_20260629-004746-run16.pcapng,20260629-004746-run16,62,1782686914.635764000,"Jun 29, 2026 00:48:34.635764000 CEST",89,wpan-tap:6lowpan:ipv6:udp:mle,0x0001,246,2e:b3:16:12:7f:fd:e6:22,,,0xffff,,0x8f28,fe80::2cb3:1612:7ffd:e622,ff02::2,19788,19788,9,1|3|14|18,,,,,3ad1288babdc52f6,,Parent Request
/home/ewout/.openclaw/workspace-softwaredeveloper/ESPHome-Thread-ED-Switch-Parent/testing/logs/mcast-4router-20runs-20260628-214706/20260629-004746-run16/mcast_sniffer_20260629-004746-run16.pcapng,mcast_sniffer_20260629-004746-run16.pcapng,20260629-004746-run16,63,1782686914.718564000,"Jun 29, 2026 00:48:34.718564000 CEST",139,wpan-tap:6lowpan:ipv6:udp:mle,0x0001,155,ee:c0:2d:30:ed:95:26:84,2e:b3:16:12:7f:fd:e6:22,,,,0x8f28,fe80::ecc0:2d30:ed95:2684,fe80::2cb3:1612:7ffd:e622,19788,19788,10,0|11|5|8|4|3|16|15|18,,,,,dfa369a3012902e9,3ad1288babdc52f6,Parent Response
/home/ewout/.openclaw/workspace-softwaredeveloper/ESPHome-Thread-ED-Switch-Parent/testing/logs/mcast-4router-20runs-20260628-214706/20260629-004746-run16/mcast_sniffer_20260629-004746-run16.pcapng,mcast_sniffer_20260629-004746-run16.pcapng,20260629-004746-run16,65,1782686915.441594000,"Jun 29, 2026 00:48:35.441594000 CEST",139,wpan-tap:6lowpan:ipv6:udp:mle,0x0001,251,4e:7e:36:5a:fb:95:4f:b5,2e:b3:16:12:7f:fd:e6:22,,,,0x8f28,fe80::4c7e:365a:fb95:4fb5,fe80::2cb3:1612:7ffd:e622,19788,19788,10,0|11|5|8|4|3|16|15|18,,,,,f618b0004205bcf7,3ad1288babdc52f6,Parent Response
/home/ewout/.openclaw/workspace-softwaredeveloper/ESPHome-Thread-ED-Switch-Parent/testing/logs/mcast-4router-20runs-20260628-214706/20260629-004746-run16/mcast_sniffer_20260629-004746-run16.pcapng,mcast_sniffer_20260629-004746-run16.pcapng,20260629-004746-run16,66,1782686915.462874000,"Jun 29, 2026 00:48:35.462874000 CEST",139,wpan-tap:6lowpan:ipv6:udp:mle,0x0001,251,4e:7e:36:5a:fb:95:4f:b5,2e:b3:16:12:7f:fd:e6:22,,,,0x8f28,fe80::4c7e:365a:fb95:4fb5,fe80::2cb3:1612:7ffd:e622,19788,19788,10,0|11|5|8|4|3|16|15|18,,,,,f618b0004205bcf7,3ad1288babdc52f6,Parent Response
/home/ewout/.openclaw/workspace-softwaredeveloper/ESPHome-Thread-ED-Switch-Parent/testing/logs/mcast-4router-20runs-20260628-214706/20260629-004746-run16/mcast_sniffer_20260629-004746-run16.pcapng,mcast_sniffer_20260629-004746-run16.pcapng,20260629-004746-run16,67,1782686915.484884000,"Jun 29, 2026 00:48:35.484884000 CEST",139,wpan-tap:6lowpan:ipv6:udp:mle,0x0001,251,4e:7e:36:5a:fb:95:4f:b5,2e:b3:16:12:7f:fd:e6:22,,,,0x8f28,fe80::4c7e:365a:fb95:4fb5,fe80::2cb3:1612:7ffd:e622,19788,19788,10,0|11|5|8|4|3|16|15|18,,,,,f618b0004205bcf7,3ad1288babdc52f6,Parent Response
/home/ewout/.openclaw/workspace-softwaredeveloper/ESPHome-Thread-ED-Switch-Parent/testing/logs/mcast-4router-20runs-20260628-214706/20260629-004746-run16/mcast_sniffer_20260629-004746-run16.pcapng,mcast_sniffer_20260629-004746-run16.pcapng,20260629-004746-run16,68,1782686915.505973000,"Jun 29, 2026 00:48:35.505973000 CEST",139,wpan-tap:6lowpan:ipv6:udp:mle,0x0001,251,4e:7e:36:5a:fb:95:4f:b5,2e:b3:16:12:7f:fd:e6:22,,,,0x8f28,fe80::4c7e:365a:fb95:4fb5,fe80::2cb3:1612:7ffd:e622,19788,19788,10,0|11|5|8|4|3|16|15|18,,,,,f618b0004205bcf7,3ad1288babdc52f6,Parent Response
/home/ewout/.openclaw/workspace-softwaredeveloper/ESPHome-Thread-ED-Switch-Parent/testing/logs/mcast-4router-20runs-20260628-214706/20260629-004746-run16/mcast_sniffer_20260629-004746-run16.pcapng,mcast_sniffer_20260629-004746-run16.pcapng,20260629-004746-run16,69,1782686915.526872000,"Jun 29, 2026 00:48:35.526872000 CEST",139,wpan-tap:6lowpan:ipv6:udp:mle,0x0001,251,4e:7e:36:5a:fb:95:4f:b5,2e:b3:16:12:7f:fd:e6:22,,,,0x8f28,fe80::4c7e:365a:fb95:4fb5,fe80::2cb3:1612:7ffd:e622,19788,19788,10,0|11|5|8|4|3|16|15|18,,,,,f618b0004205bcf7,3ad1288babdc52f6,Parent Response
/home/ewout/.openclaw/workspace-softwaredeveloper/ESPHome-Thread-ED-Switch-Parent/testing/logs/mcast-4router-20runs-20260628-214706/20260629-004746-run16/mcast_sniffer_20260629-004746-run16.pcapng,mcast_sniffer_20260629-004746-run16.pcapng,20260629-004746-run16,70,1782686915.549002000,"Jun 29, 2026 00:48:35.549002000 CEST",139,wpan-tap:6lowpan:ipv6:udp:mle,0x0001,251,4e:7e:36:5a:fb:95:4f:b5,2e:b3:16:12:7f:fd:e6:22,,,,0x8f28,fe80::4c7e:365a:fb95:4fb5,fe80::2cb3:1612:7ffd:e622,19788,19788,10,0|11|5|8|4|3|16|15|18,,,,,f618b0004205bcf7,3ad1288babdc52f6,Parent Response
/home/ewout/.openclaw/workspace-softwaredeveloper/ESPHome-Thread-ED-Switch-Parent/testing/logs/mcast-4router-20runs-20260628-214706/20260629-004746-run16/mcast_sniffer_20260629-004746-run16.pcapng,mcast_sniffer_20260629-004746-run16.pcapng,20260629-004746-run16,71,1782686915.570703000,"Jun 29, 2026 00:48:35.570703000 CEST",139,wpan-tap:6lowpan:ipv6:udp:mle,0x0001,251,4e:7e:36:5a:fb:95:4f:b5,2e:b3:16:12:7f:fd:e6:22,,,,0x8f28,fe80::4c7e:365a:fb95:4fb5,fe80::2cb3:1612:7ffd:e622,19788,19788,10,0|11|5|8|4|3|16|15|18,,,,,f618b0004205bcf7,3ad1288babdc52f6,Parent Response
/home/ewout/.openclaw/workspace-softwaredeveloper/ESPHome-Thread-ED-Switch-Parent/testing/logs/mcast-4router-20runs-20260628-214706/20260629-004746-run16/mcast_sniffer_20260629-004746-run16.pcapng,mcast_sniffer_20260629-004746-run16.pcapng,20260629-004746-run16,72,1782686915.592882000,"Jun 29, 2026 00:48:35.592882000 CEST",139,wpan-tap:6lowpan:ipv6:udp:mle,0x0001,251,4e:7e:36:5a:fb:95:4f:b5,2e:b3:16:12:7f:fd:e6:22,,,,0x8f28,fe80::4c7e:365a:fb95:4fb5,fe80::2cb3:1612:7ffd:e622,19788,19788,10,0|11|5|8|4|3|16|15|18,,,,,f618b0004205bcf7,3ad1288babdc52f6,Parent Response
/home/ewout/.openclaw/workspace-softwaredeveloper/ESPHome-Thread-ED-Switch-Parent/testing/logs/mcast-4router-20runs-20260628-214706/20260629-004746-run16/mcast_sniffer_20260629-004746-run16.pcapng,mcast_sniffer_20260629-004746-run16.pcapng,20260629-004746-run16,73,1782686915.613739000,"Jun 29, 2026 00:48:35.613739000 CEST",139,wpan-tap:6lowpan:ipv6:udp:mle,0x0001,251,4e:7e:36:5a:fb:95:4f:b5,2e:b3:16:12:7f:fd:e6:22,,,,0x8f28,fe80::4c7e:365a:fb95:4fb5,fe80::2cb3:1612:7ffd:e622,19788,19788,10,0|11|5|8|4|3|16|15|18,,,,,f618b0004205bcf7,3ad1288babdc52f6,Parent Response
/home/ewout/.openclaw/workspace-softwaredeveloper/ESPHome-Thread-ED-Switch-Parent/testing/logs/mcast-4router-20runs-20260628-214706/20260629-004746-run16/mcast_sniffer_20260629-004746-run16.pcapng,mcast_sniffer_20260629-004746-run16.pcapng,20260629-004746-run16,74,1782686915.634870000,"Jun 29, 2026 00:48:35.634870000 CEST",139,wpan-tap:6lowpan:ipv6:udp:mle,0x0001,251,4e:7e:36:5a:fb:95:4f:b5,2e:b3:16:12:7f:fd:e6:22,,,,0x8f28,fe80::4c7e:365a:fb95:4fb5,fe80::2cb3:1612:7ffd:e622,19788,19788,10,0|11|5|8|4|3|16|15|18,,,,,f618b0004205bcf7,3ad1288babdc52f6,Parent Response
/home/ewout/.openclaw/workspace-softwaredeveloper/ESPHome-Thread-ED-Switch-Parent/testing/logs/mcast-4router-20runs-20260628-214706/20260629-004746-run16/mcast_sniffer_20260629-004746-run16.pcapng,mcast_sniffer_20260629-004746-run16.pcapng,20260629-004746-run16,75,1782686915.657876000,"Jun 29, 2026 00:48:35.657876000 CEST",139,wpan-tap:6lowpan:ipv6:udp:mle,0x0001,251,4e:7e:36:5a:fb:95:4f:b5,2e:b3:16:12:7f:fd:e6:22,,,,0x8f28,fe80::4c7e:365a:fb95:4fb5,fe80::2cb3:1612:7ffd:e622,19788,19788,10,0|11|5|8|4|3|16|15|18,,,,,f618b0004205bcf7,3ad1288babdc52f6,Parent Response
/home/ewout/.openclaw/workspace-softwaredeveloper/ESPHome-Thread-ED-Switch-Parent/testing/logs/mcast-4router-20runs-20260628-214706/20260629-004746-run16/mcast_sniffer_20260629-004746-run16.pcapng,mcast_sniffer_20260629-004746-run16.pcapng,20260629-004746-run16,76,1782686915.668079000,"Jun 29, 2026 00:48:35.668079000 CEST",139,wpan-tap:6lowpan:ipv6:udp:mle,0x0001,228,aa:8c:85:39:0e:9d:51:87,2e:b3:16:12:7f:fd:e6:22,,,,0x8f28,fe80::a88c:8539:e9d:5187,fe80::2cb3:1612:7ffd:e622,19788,19788,10,0|11|5|8|4|3|16|15|18,,,,,5901ef4022c6c8a3,3ad1288babdc52f6,Parent Response
/home/ewout/.openclaw/workspace-softwaredeveloper/ESPHome-Thread-ED-Switch-Parent/testing/logs/mcast-4router-20runs-20260628-214706/20260629-004746-run16/mcast_sniffer_20260629-004746-run16.pcapng,mcast_sniffer_20260629-004746-run16.pcapng,20260629-004746-run16,78,1782686915.678918000,"Jun 29, 2026 00:48:35.678918000 CEST",139,wpan-tap:6lowpan:ipv6:udp:mle,0x0001,251,4e:7e:36:5a:fb:95:4f:b5,2e:b3:16:12:7f:fd:e6:22,,,,0x8f28,fe80::4c7e:365a:fb95:4fb5,fe80::2cb3:1612:7ffd:e622,19788,19788,10,0|11|5|8|4|3|16|15|18,,,,,f618b0004205bcf7,3ad1288babdc52f6,Parent Response
/home/ewout/.openclaw/workspace-softwaredeveloper/ESPHome-Thread-ED-Switch-Parent/testing/logs/mcast-4router-20runs-20260628-214706/20260629-004746-run16/mcast_sniffer_20260629-004746-run16.pcapng,mcast_sniffer_20260629-004746-run16.pcapng,20260629-004746-run16,79,1782686915.701874000,"Jun 29, 2026 00:48:35.701874000 CEST",139,wpan-tap:6lowpan:ipv6:udp:mle,0x0001,251,4e:7e:36:5a:fb:95:4f:b5,2e:b3:16:12:7f:fd:e6:22,,,,0x8f28,fe80::4c7e:365a:fb95:4fb5,fe80::2cb3:1612:7ffd:e622,19788,19788,10,0|11|5|8|4|3|16|15|18,,,,,f618b0004205bcf7,3ad1288babdc52f6,Parent Response
/home/ewout/.openclaw/workspace-softwaredeveloper/ESPHome-Thread-ED-Switch-Parent/testing/logs/mcast-4router-20runs-20260628-214706/20260629-004746-run16/mcast_sniffer_20260629-004746-run16.pcapng,mcast_sniffer_20260629-004746-run16.pcapng,20260629-004746-run16,80,1782686915.725915000,"Jun 29, 2026 00:48:35.725915000 CEST",139,wpan-tap:6lowpan:ipv6:udp:mle,0x0001,251,4e:7e:36:5a:fb:95:4f:b5,2e:b3:16:12:7f:fd:e6:22,,,,0x8f28,fe80::4c7e:365a:fb95:4fb5,fe80::2cb3:1612:7ffd:e622,19788,19788,10,0|11|5|8|4|3|16|15|18,,,,,f618b0004205bcf7,3ad1288babdc52f6,Parent Response
/home/ewout/.openclaw/workspace-softwaredeveloper/ESPHome-Thread-ED-Switch-Parent/testing/logs/mcast-4router-20runs-20260628-214706/20260629-004746-run16/mcast_sniffer_20260629-004746-run16.pcapng,mcast_sniffer_20260629-004746-run16.pcapng,20260629-004746-run16,81,1782686915.747103000,"Jun 29, 2026 00:48:35.747103000 CEST",139,wpan-tap:6lowpan:ipv6:udp:mle,0x0001,251,4e:7e:36:5a:fb:95:4f:b5,2e:b3:16:12:7f:fd:e6:22,,,,0x8f28,fe80::4c7e:365a:fb95:4fb5,fe80::2cb3:1612:7ffd:e622,19788,19788,10,0|11|5|8|4|3|16|15|18,,,,,f618b0004205bcf7,3ad1288babdc52f6,Parent Response
/home/ewout/.openclaw/workspace-softwaredeveloper/ESPHome-Thread-ED-Switch-Parent/testing/logs/mcast-4router-20runs-20260628-214706/20260629-004746-run16/mcast_sniffer_20260629-004746-run16.pcapng,mcast_sniffer_20260629-004746-run16.pcapng,20260629-004746-run16,82,1782686915.768051000,"Jun 29, 2026 00:48:35.768051000 CEST",139,wpan-tap:6lowpan:ipv6:udp:mle,0x0001,251,4e:7e:36:5a:fb:95:4f:b5,2e:b3:16:12:7f:fd:e6:22,,,,0x8f28,fe80::4c7e:365a:fb95:4fb5,fe80::2cb3:1612:7ffd:e622,19788,19788,10,0|11|5|8|4|3|16|15|18,,,,,f618b0004205bcf7,3ad1288babdc52f6,Parent Response
/home/ewout/.openclaw/workspace-softwaredeveloper/ESPHome-Thread-ED-Switch-Parent/testing/logs/mcast-4router-20runs-20260628-214706/20260629-004746-run16/mcast_sniffer_20260629-004746-run16.pcapng,mcast_sniffer_20260629-004746-run16.pcapng,20260629-004746-run16,83,1782686915.888759000,"Jun 29, 2026 00:48:35.888759000 CEST",124,wpan-tap:6lowpan:ipv6:udp:mle,0x0001,247,2e:b3:16:12:7f:fd:e6:22,aa:8c:85:39:0e:9d:51:87,,,,0x8f28,fe80::2cb3:1612:7ffd:e622,fe80::a88c:8539:e9d:5187,19788,19788,11,4|5|8|1|2|18|13|10|12|9|22,,,,,,5901ef4022c6c8a3,Child ID Request
/home/ewout/.openclaw/workspace-softwaredeveloper/ESPHome-Thread-ED-Switch-Parent/testing/logs/mcast-4router-20runs-20260628-214706/20260629-004746-run16/mcast_sniffer_20260629-004746-run16.pcapng,mcast_sniffer_20260629-004746-run16.pcapng,20260629-004746-run16,90,1782686916.146322000,"Jun 29, 2026 00:48:36.146322000 CEST",123,wpan-tap:6lowpan:ipv6:udp:mle:thread_nwd:thread_meshcop,0x0001,231,aa:8c:85:39:0e:9d:51:87,2e:b3:16:12:7f:fd:e6:22,,,,0x8f28,fe80::a88c:8539:e9d:5187,fe80::2cb3:1612:7ffd:e622,19788,19788,12,0|11|22|10|12|9,,,,,,,Child ID Response
/home/ewout/.openclaw/workspace-softwaredeveloper/ESPHome-Thread-ED-Switch-Parent/testing/logs/mcast-4router-20runs-20260628-214706/20260629-004746-run16/mcast_sniffer_20260629-004746-run16.pcapng,mcast_sniffer_20260629-004746-run16.pcapng,20260629-004746-run16,1130,1782687217.274635000,"Jun 29, 2026 00:53:37.274635000 CEST",89,wpan-tap:6lowpan:ipv6:udp:mle,0x0001,89,fe:88:4c:e1:06:58:22:0c,,,0xffff,,0x8f28,fe80::fc88:4ce1:658:220c,ff02::2,19788,19788,9,1|3|14|18,,,,,c3ee21f5abe1c973,,Parent Request
/home/ewout/.openclaw/workspace-softwaredeveloper/ESPHome-Thread-ED-Switch-Parent/testing/logs/mcast-4router-20runs-20260628-214706/20260629-004746-run16/mcast_sniffer_20260629-004746-run16.pcapng,mcast_sniffer_20260629-004746-run16.pcapng,20260629-004746-run16,1131,1782687217.321635000,"Jun 29, 2026 00:53:37.321635000 CEST",139,wpan-tap:6lowpan:ipv6:udp:mle,0x0001,75,4e:7e:36:5a:fb:95:4f:b5,fe:88:4c:e1:06:58:22:0c,,,,0x8f28,fe80::4c7e:365a:fb95:4fb5,fe80::fc88:4ce1:658:220c,19788,19788,10,0|11|5|8|4|3|16|15|18,,,,,a10c0feaacdef2e5,c3ee21f5abe1c973,Parent Response
/home/ewout/.openclaw/workspace-softwaredeveloper/ESPHome-Thread-ED-Switch-Parent/testing/logs/mcast-4router-20runs-20260628-214706/20260629-004746-run16/mcast_sniffer_20260629-004746-run16.pcapng,mcast_sniffer_20260629-004746-run16.pcapng,20260629-004746-run16,1133,1782687217.579060000,"Jun 29, 2026 00:53:37.579060000 CEST",139,wpan-tap:6lowpan:ipv6:udp:mle,0x0001,44,2e:b3:16:12:7f:fd:e6:22,fe:88:4c:e1:06:58:22:0c,,,,0x8f28,fe80::2cb3:1612:7ffd:e622,fe80::fc88:4ce1:658:220c,19788,19788,10,0|11|5|8|4|3|16|15|18,,,,,28dffc4d48e0d5de,c3ee21f5abe1c973,Parent Response
/home/ewout/.openclaw/workspace-softwaredeveloper/ESPHome-Thread-ED-Switch-Parent/testing/logs/mcast-4router-20runs-20260628-214706/20260629-004746-run16/mcast_sniffer_20260629-004746-run16.pcapng,mcast_sniffer_20260629-004746-run16.pcapng,20260629-004746-run16,1135,1782687217.603697000,"Jun 29, 2026 00:53:37.603697000 CEST",139,wpan-tap:6lowpan:ipv6:udp:mle,0x0001,186,ee:c0:2d:30:ed:95:26:84,fe:88:4c:e1:06:58:22:0c,,,,0x8f28,fe80::ecc0:2d30:ed95:2684,fe80::fc88:4ce1:658:220c,19788,19788,10,0|11|5|8|4|3|16|15|18,,,,,3c14dd66704ed01f,c3ee21f5abe1c973,Parent Response
/home/ewout/.openclaw/workspace-softwaredeveloper/ESPHome-Thread-ED-Switch-Parent/testing/logs/mcast-4router-20runs-20260628-214706/20260629-004746-run16/mcast_sniffer_20260629-004746-run16.pcapng,mcast_sniffer_20260629-004746-run16.pcapng,20260629-004746-run16,1137,1782687217.615429000,"Jun 29, 2026 00:53:37.615429000 CEST",139,wpan-tap:6lowpan:ipv6:udp:mle,0x0001,10,aa:8c:85:39:0e:9d:51:87,fe:88:4c:e1:06:58:22:0c,,,,0x8f28,fe80::a88c:8539:e9d:5187,fe80::fc88:4ce1:658:220c,19788,19788,10,0|11|5|8|4|3|16|15|18,,,,,07dda1a3da3e967b,c3ee21f5abe1c973,Parent Response
/home/ewout/.openclaw/workspace-softwaredeveloper/ESPHome-Thread-ED-Switch-Parent/testing/logs/mcast-4router-20runs-20260628-214706/20260629-004746-run16/mcast_sniffer_20260629-004746-run16.pcapng,mcast_sniffer_20260629-004746-run16.pcapng,20260629-004746-run16,1139,1782687218.024801000,"Jun 29, 2026 00:53:38.024801000 CEST",134,wpan-tap:6lowpan:ipv6:udp:mle,0x0001,90,fe:88:4c:e1:06:58:22:0c,ee:c0:2d:30:ed:95:26:84,,,,0x8f28,fe80::fc88:4ce1:658:220c,fe80::ecc0:2d30:ed95:2684,19788,19788,11,4|5|8|1|2|18|19|13|10|12|22,,,,,,3c14dd66704ed01f,Child ID Request
/home/ewout/.openclaw/workspace-softwaredeveloper/ESPHome-Thread-ED-Switch-Parent/testing/logs/mcast-4router-20runs-20260628-214706/20260629-004746-run16/mcast_sniffer_20260629-004746-run16.pcapng,mcast_sniffer_20260629-004746-run16.pcapng,20260629-004746-run16,1141,1782687218.087015000,"Jun 29, 2026 00:53:38.087015000 CEST",106,wpan-tap:6lowpan:ipv6:udp:mle,0x0001,187,ee:c0:2d:30:ed:95:26:84,fe:88:4c:e1:06:58:22:0c,,,,0x8f28,fe80::ecc0:2d30:ed95:2684,fe80::fc88:4ce1:658:220c,19788,19788,12,0|11|22|10|12|19,,,,,,,Child ID Response
/home/ewout/.openclaw/workspace-softwaredeveloper/ESPHome-Thread-ED-Switch-Parent/testing/logs/mcast-4router-20runs-20260628-214706/20260629-004746-run16/mcast_sniffer_20260629-004746-run16.pcapng,mcast_sniffer_20260629-004746-run16.pcapng,20260629-004746-run16,1152,1782687221.980203000,"Jun 29, 2026 00:53:41.980203000 CEST",89,wpan-tap:6lowpan:ipv6:udp:mle,0x0001,91,fe:88:4c:e1:06:58:22:0c,,,0xffff,,0x8f28,fe80::fc88:4ce1:658:220c,ff02::2,19788,19788,9,1|3|14|18,,,,,996046ca494bb489,,Parent Request
/home/ewout/.openclaw/workspace-softwaredeveloper/ESPHome-Thread-ED-Switch-Parent/testing/logs/mcast-4router-20runs-20260628-214706/20260629-004746-run16/mcast_sniffer_20260629-004746-run16.pcapng,mcast_sniffer_20260629-004746-run16.pcapng,20260629-004746-run16,1153,1782687222.099247000,"Jun 29, 2026 00:53:42.099247000 CEST",139,wpan-tap:6lowpan:ipv6:udp:mle,0x0001,47,2e:b3:16:12:7f:fd:e6:22,fe:88:4c:e1:06:58:22:0c,,,,0x8f28,fe80::2cb3:1612:7ffd:e622,fe80::fc88:4ce1:658:220c,19788,19788,10,0|11|5|8|4|3|16|15|18,,,,,7feae48a007add36,996046ca494bb489,Parent Response
/home/ewout/.openclaw/workspace-softwaredeveloper/ESPHome-Thread-ED-Switch-Parent/testing/logs/mcast-4router-20runs-20260628-214706/20260629-004746-run16/mcast_sniffer_20260629-004746-run16.pcapng,mcast_sniffer_20260629-004746-run16.pcapng,20260629-004746-run16,1156,1782687222.176191000,"Jun 29, 2026 00:53:42.176191000 CEST",134,wpan-tap:6lowpan:ipv6:udp:mle,0x0001,92,fe:88:4c:e1:06:58:22:0c,2e:b3:16:12:7f:fd:e6:22,,,,0x8f28,fe80::fc88:4ce1:658:220c,fe80::2cb3:1612:7ffd:e622,19788,19788,11,4|5|8|1|2|18|19|13|10|12|22,,,,,,7feae48a007add36,Child ID Request
/home/ewout/.openclaw/workspace-softwaredeveloper/ESPHome-Thread-ED-Switch-Parent/testing/logs/mcast-4router-20runs-20260628-214706/20260629-004746-run16/mcast_sniffer_20260629-004746-run16.pcapng,mcast_sniffer_20260629-004746-run16.pcapng,20260629-004746-run16,1158,1782687222.214302000,"Jun 29, 2026 00:53:42.214302000 CEST",139,wpan-tap:6lowpan:ipv6:udp:mle,0x0001,79,4e:7e:36:5a:fb:95:4f:b5,fe:88:4c:e1:06:58:22:0c,,,,0x8f28,fe80::4c7e:365a:fb95:4fb5,fe80::fc88:4ce1:658:220c,19788,19788,10,0|11|5|8|4|3|16|15|18,,,,,4f98ac7dcfaebcf4,996046ca494bb489,Parent Response
/home/ewout/.openclaw/workspace-softwaredeveloper/ESPHome-Thread-ED-Switch-Parent/testing/logs/mcast-4router-20runs-20260628-214706/20260629-004746-run16/mcast_sniffer_20260629-004746-run16.pcapng,mcast_sniffer_20260629-004746-run16.pcapng,20260629-004746-run16,1160,1782687222.268234000,"Jun 29, 2026 00:53:42.268234000 CEST",106,wpan-tap:6lowpan:ipv6:udp:mle,0x0001,48,2e:b3:16:12:7f:fd:e6:22,fe:88:4c:e1:06:58:22:0c,,,,0x8f28,fe80::2cb3:1612:7ffd:e622,fe80::fc88:4ce1:658:220c,19788,19788,12,0|11|22|10|12|19,,,,,,,Child ID Response
/home/ewout/.openclaw/workspace-softwaredeveloper/ESPHome-Thread-ED-Switch-Parent/testing/logs/mcast-4router-20runs-20260628-214706/20260629-004746-run16/mcast_sniffer_20260629-004746-run16.pcapng,mcast_sniffer_20260629-004746-run16.pcapng,20260629-004746-run16,1162,1782687222.320213000,"Jun 29, 2026 00:53:42.320213000 CEST",139,wpan-tap:6lowpan:ipv6:udp:mle,0x0001,11,aa:8c:85:39:0e:9d:51:87,fe:88:4c:e1:06:58:22:0c,,,,0x8f28,fe80::a88c:8539:e9d:5187,fe80::fc88:4ce1:658:220c,19788,19788,10,0|11|5|8|4|3|16|15|18,,,,,b7b9a3aafce92d8c,996046ca494bb489,Parent Response
/home/ewout/.openclaw/workspace-softwaredeveloper/ESPHome-Thread-ED-Switch-Parent/testing/logs/mcast-4router-20runs-20260628-214706/20260629-004746-run16/mcast_sniffer_20260629-004746-run16.pcapng,mcast_sniffer_20260629-004746-run16.pcapng,20260629-004746-run16,1501,1782687457.897129000,"Jun 29, 2026 00:57:37.897129000 CEST",89,wpan-tap:6lowpan:ipv6:udp:mle,0x0001,97,fe:88:4c:e1:06:58:22:0c,,,0xffff,,0x8f28,fe80::fc88:4ce1:658:220c,ff02::2,19788,19788,9,1|3|14|18,,,,,212e6fa29fc603e1,,Parent Request
/home/ewout/.openclaw/workspace-softwaredeveloper/ESPHome-Thread-ED-Switch-Parent/testing/logs/mcast-4router-20runs-20260628-214706/20260629-004746-run16/mcast_sniffer_20260629-004746-run16.pcapng,mcast_sniffer_20260629-004746-run16.pcapng,20260629-004746-run16,1502,1782687458.113187000,"Jun 29, 2026 00:57:38.113187000 CEST",139,wpan-tap:6lowpan:ipv6:udp:mle,0x0001,73,2e:b3:16:12:7f:fd:e6:22,fe:88:4c:e1:06:58:22:0c,,,,0x8f28,fe80::2cb3:1612:7ffd:e622,fe80::fc88:4ce1:658:220c,19788,19788,10,0|11|5|8|4|3|16|15|18,,,,,2650463b77cba7a7,212e6fa29fc603e1,Parent Response
/home/ewout/.openclaw/workspace-softwaredeveloper/ESPHome-Thread-ED-Switch-Parent/testing/logs/mcast-4router-20runs-20260628-214706/20260629-004746-run16/mcast_sniffer_20260629-004746-run16.pcapng,mcast_sniffer_20260629-004746-run16.pcapng,20260629-004746-run16,1504,1782687458.334540000,"Jun 29, 2026 00:57:38.334540000 CEST",139,wpan-tap:6lowpan:ipv6:udp:mle,0x0001,36,aa:8c:85:39:0e:9d:51:87,fe:88:4c:e1:06:58:22:0c,,,,0x8f28,fe80::a88c:8539:e9d:5187,fe80::fc88:4ce1:658:220c,19788,19788,10,0|11|5|8|4|3|16|15|18,,,,,71600e24b6ceb518,212e6fa29fc603e1,Parent Response
/home/ewout/.openclaw/workspace-softwaredeveloper/ESPHome-Thread-ED-Switch-Parent/testing/logs/mcast-4router-20runs-20260628-214706/20260629-004746-run16/mcast_sniffer_20260629-004746-run16.pcapng,mcast_sniffer_20260629-004746-run16.pcapng,20260629-004746-run16,1506,1782687458.364044000,"Jun 29, 2026 00:57:38.364044000 CEST",139,wpan-tap:6lowpan:ipv6:udp:mle,0x0001,106,4e:7e:36:5a:fb:95:4f:b5,fe:88:4c:e1:06:58:22:0c,,,,0x8f28,fe80::4c7e:365a:fb95:4fb5,fe80::fc88:4ce1:658:220c,19788,19788,10,0|11|5|8|4|3|16|15|18,,,,,4930f23307cd187b,212e6fa29fc603e1,Parent Response
/home/ewout/.openclaw/workspace-softwaredeveloper/ESPHome-Thread-ED-Switch-Parent/testing/logs/mcast-4router-20runs-20260628-214706/20260629-004746-run16/mcast_sniffer_20260629-004746-run16.pcapng,mcast_sniffer_20260629-004746-run16.pcapng,20260629-004746-run16,1508,1782687458.646178000,"Jun 29, 2026 00:57:38.646178000 CEST",134,wpan-tap:6lowpan:ipv6:udp:mle,0x0001,98,fe:88:4c:e1:06:58:22:0c,aa:8c:85:39:0e:9d:51:87,,,,0x8f28,fe80::fc88:4ce1:658:220c,fe80::a88c:8539:e9d:5187,19788,19788,11,4|5|8|1|2|18|19|13|10|12|22,,,,,,71600e24b6ceb518,Child ID Request
/home/ewout/.openclaw/workspace-softwaredeveloper/ESPHome-Thread-ED-Switch-Parent/testing/logs/mcast-4router-20runs-20260628-214706/20260629-004746-run16/mcast_sniffer_20260629-004746-run16.pcapng,mcast_sniffer_20260629-004746-run16.pcapng,20260629-004746-run16,1510,1782687458.716019000,"Jun 29, 2026 00:57:38.716019000 CEST",106,wpan-tap:6lowpan:ipv6:udp:mle,0x0001,37,aa:8c:85:39:0e:9d:51:87,fe:88:4c:e1:06:58:22:0c,,,,0x8f28,fe80::a88c:8539:e9d:5187,fe80::fc88:4ce1:658:220c,19788,19788,12,0|11|22|10|12|19,,,,,,,Child ID Response
