pcap,pcap_name,run_dir,frame.number,frame.time_epoch,frame.time,frame.len,frame.protocols,wpan.frame_type,wpan.seq_no,wpan.src64,wpan.dst64,wpan.src16,wpan.dst16,wpan.src_pan,wpan.dst_pan,ipv6.src,ipv6.dst,udp.srcport,udp.dstport,mle.cmd,mle.tlv.type,coap.code,coap.mid,icmpv6.type,icmpv6.code,mle.tlv.challenge,mle.tlv.response,mle.command_name
/home/ewout/.openclaw/workspace-softwaredeveloper/ESPHome-Thread-ED-Switch-Parent/testing/logs/fast-attach-ucast-32-3router-20runs-20260823-070416/20260823-080056-run08/fast-attach-ucast-32_sniffer_20260823-080056-run08.pcapng,fast-attach-ucast-32_sniffer_20260823-080056-run08.pcapng,20260823-080056-run08,1,1787464889.182932000,"Aug 23, 2026 08:01:29.182932000 CEST",89,wpan-tap:6lowpan:ipv6:udp:mle,0x0001,242,22:cb:5f:d7:e6:4d:95:e7,,,0xffff,,0x8f28,fe80::20cb:5fd7:e64d:95e7,ff02::2,19788,19788,9,1|3|14|18,,,,,d7b62e0e7c6e42cd,,Parent Request
/home/ewout/.openclaw/workspace-softwaredeveloper/ESPHome-Thread-ED-Switch-Parent/testing/logs/fast-attach-ucast-32-3router-20runs-20260823-070416/20260823-080056-run08/fast-attach-ucast-32_sniffer_20260823-080056-run08.pcapng,fast-attach-ucast-32_sniffer_20260823-080056-run08.pcapng,20260823-080056-run08,2,1787464889.934405000,"Aug 23, 2026 08:01:29.934405000 CEST",89,wpan-tap:6lowpan:ipv6:udp:mle,0x0001,243,22:cb:5f:d7:e6:4d:95:e7,,,0xffff,,0x8f28,fe80::20cb:5fd7:e64d:95e7,ff02::2,19788,19788,9,1|3|14|18,,,,,4554253fffe13c79,,Parent Request
/home/ewout/.openclaw/workspace-softwaredeveloper/ESPHome-Thread-ED-Switch-Parent/testing/logs/fast-attach-ucast-32-3router-20runs-20260823-070416/20260823-080056-run08/fast-attach-ucast-32_sniffer_20260823-080056-run08.pcapng,fast-attach-ucast-32_sniffer_20260823-080056-run08.pcapng,20260823-080056-run08,3,1787464890.688949000,"Aug 23, 2026 08:01:30.688949000 CEST",89,wpan-tap:6lowpan:ipv6:udp:mle,0x0001,244,22:cb:5f:d7:e6:4d:95:e7,,,0xffff,,0x8f28,fe80::20cb:5fd7:e64d:95e7,ff02::2,19788,19788,9,1|3|14|18,,,,,e1574f09f876d85e,,Parent Request
/home/ewout/.openclaw/workspace-softwaredeveloper/ESPHome-Thread-ED-Switch-Parent/testing/logs/fast-attach-ucast-32-3router-20runs-20260823-070416/20260823-080056-run08/fast-attach-ucast-32_sniffer_20260823-080056-run08.pcapng,fast-attach-ucast-32_sniffer_20260823-080056-run08.pcapng,20260823-080056-run08,4,1787464891.940469000,"Aug 23, 2026 08:01:31.940469000 CEST",89,wpan-tap:6lowpan:ipv6:udp:mle,0x0001,245,22:cb:5f:d7:e6:4d:95:e7,,,0xffff,,0x8f28,fe80::20cb:5fd7:e64d:95e7,ff02::2,19788,19788,9,1|3|14|18,,,,,5c74011b0c5a6ee1,,Parent Request
/home/ewout/.openclaw/workspace-softwaredeveloper/ESPHome-Thread-ED-Switch-Parent/testing/logs/fast-attach-ucast-32-3router-20runs-20260823-070416/20260823-080056-run08/fast-attach-ucast-32_sniffer_20260823-080056-run08.pcapng,fast-attach-ucast-32_sniffer_20260823-080056-run08.pcapng,20260823-080056-run08,5,1787464893.196048000,"Aug 23, 2026 08:01:33.196048000 CEST",89,wpan-tap:6lowpan:ipv6:udp:mle,0x0001,246,22:cb:5f:d7:e6:4d:95:e7,,,0xffff,,0x8f28,fe80::20cb:5fd7:e64d:95e7,ff02::2,19788,19788,9,1|3|14|18,,,,,f1eada713dcc0da1,,Parent Request
/home/ewout/.openclaw/workspace-softwaredeveloper/ESPHome-Thread-ED-Switch-Parent/testing/logs/fast-attach-ucast-32-3router-20runs-20260823-070416/20260823-080056-run08/fast-attach-ucast-32_sniffer_20260823-080056-run08.pcapng,fast-attach-ucast-32_sniffer_20260823-080056-run08.pcapng,20260823-080056-run08,6,1787464894.011321000,"Aug 23, 2026 08:01:34.011321000 CEST",89,wpan-tap:6lowpan:ipv6:udp:mle,0x0001,128,ea:b0:38:9d:da:71:bb:13,,,0xffff,,0x8f28,fe80::e8b0:389d:da71:bb13,ff02::2,19788,19788,9,1|3|14|18,,,,,8b989364fe76d462,,Parent Request
/home/ewout/.openclaw/workspace-softwaredeveloper/ESPHome-Thread-ED-Switch-Parent/testing/logs/fast-attach-ucast-32-3router-20runs-20260823-070416/20260823-080056-run08/fast-attach-ucast-32_sniffer_20260823-080056-run08.pcapng,fast-attach-ucast-32_sniffer_20260823-080056-run08.pcapng,20260823-080056-run08,7,1787464894.448101000,"Aug 23, 2026 08:01:34.448101000 CEST",89,wpan-tap:6lowpan:ipv6:udp:mle,0x0001,247,22:cb:5f:d7:e6:4d:95:e7,,,0xffff,,0x8f28,fe80::20cb:5fd7:e64d:95e7,ff02::2,19788,19788,9,1|3|14|18,,,,,0336b9969cdc3a72,,Parent Request
/home/ewout/.openclaw/workspace-softwaredeveloper/ESPHome-Thread-ED-Switch-Parent/testing/logs/fast-attach-ucast-32-3router-20runs-20260823-070416/20260823-080056-run08/fast-attach-ucast-32_sniffer_20260823-080056-run08.pcapng,fast-attach-ucast-32_sniffer_20260823-080056-run08.pcapng,20260823-080056-run08,8,1787464894.765630000,"Aug 23, 2026 08:01:34.765630000 CEST",89,wpan-tap:6lowpan:ipv6:udp:mle,0x0001,129,ea:b0:38:9d:da:71:bb:13,,,0xffff,,0x8f28,fe80::e8b0:389d:da71:bb13,ff02::2,19788,19788,9,1|3|14|18,,,,,b771891a2cbf23b4,,Parent Request
/home/ewout/.openclaw/workspace-softwaredeveloper/ESPHome-Thread-ED-Switch-Parent/testing/logs/fast-attach-ucast-32-3router-20runs-20260823-070416/20260823-080056-run08/fast-attach-ucast-32_sniffer_20260823-080056-run08.pcapng,fast-attach-ucast-32_sniffer_20260823-080056-run08.pcapng,20260823-080056-run08,9,1787464895.517666000,"Aug 23, 2026 08:01:35.517666000 CEST",89,wpan-tap:6lowpan:ipv6:udp:mle,0x0001,130,ea:b0:38:9d:da:71:bb:13,,,0xffff,,0x8f28,fe80::e8b0:389d:da71:bb13,ff02::2,19788,19788,9,1|3|14|18,,,,,459806a8bf9fac3f,,Parent Request
/home/ewout/.openclaw/workspace-softwaredeveloper/ESPHome-Thread-ED-Switch-Parent/testing/logs/fast-attach-ucast-32-3router-20runs-20260823-070416/20260823-080056-run08/fast-attach-ucast-32_sniffer_20260823-080056-run08.pcapng,fast-attach-ucast-32_sniffer_20260823-080056-run08.pcapng,20260823-080056-run08,10,1787464895.710694000,"Aug 23, 2026 08:01:35.710694000 CEST",101,wpan-tap:6lowpan:ipv6:udp:mle:thread_nwd:thread_meshcop,0x0001,248,22:cb:5f:d7:e6:4d:95:e7,,,0xffff,,0x8f28,fe80::20cb:5fd7:e64d:95e7,ff02::1,19788,19788,8,0|11|22|12,,,,,,,
/home/ewout/.openclaw/workspace-softwaredeveloper/ESPHome-Thread-ED-Switch-Parent/testing/logs/fast-attach-ucast-32-3router-20runs-20260823-070416/20260823-080056-run08/fast-attach-ucast-32_sniffer_20260823-080056-run08.pcapng,fast-attach-ucast-32_sniffer_20260823-080056-run08.pcapng,20260823-080056-run08,11,1787464896.610107000,"Aug 23, 2026 08:01:36.610107000 CEST",95,wpan-tap:6lowpan:ipv6:udp:mle,0x0001,249,22:cb:5f:d7:e6:4d:95:e7,,,0xffff,,0x8f28,fe80::20cb:5fd7:e64d:95e7,ff02::1,19788,19788,4,0|11|9,,,,,,,
/home/ewout/.openclaw/workspace-softwaredeveloper/ESPHome-Thread-ED-Switch-Parent/testing/logs/fast-attach-ucast-32-3router-20runs-20260823-070416/20260823-080056-run08/fast-attach-ucast-32_sniffer_20260823-080056-run08.pcapng,fast-attach-ucast-32_sniffer_20260823-080056-run08.pcapng,20260823-080056-run08,12,1787464896.770743000,"Aug 23, 2026 08:01:36.770743000 CEST",89,wpan-tap:6lowpan:ipv6:udp:mle,0x0001,131,ea:b0:38:9d:da:71:bb:13,,,0xffff,,0x8f28,fe80::e8b0:389d:da71:bb13,ff02::2,19788,19788,9,1|3|14|18,,,,,28d8dc719d9d2a47,,Parent Request
/home/ewout/.openclaw/workspace-softwaredeveloper/ESPHome-Thread-ED-Switch-Parent/testing/logs/fast-attach-ucast-32-3router-20runs-20260823-070416/20260823-080056-run08/fast-attach-ucast-32_sniffer_20260823-080056-run08.pcapng,fast-attach-ucast-32_sniffer_20260823-080056-run08.pcapng,20260823-080056-run08,13,1787464896.939201000,"Aug 23, 2026 08:01:36.939201000 CEST",139,wpan-tap:6lowpan:ipv6:udp:mle,0x0001,250,22:cb:5f:d7:e6:4d:95:e7,ea:b0:38:9d:da:71:bb:13,,,,0x8f28,fe80::20cb:5fd7:e64d:95e7,fe80::e8b0:389d:da71:bb13,19788,19788,10,0|11|5|8|4|3|16|15|18,,,,,5a49d81eda1f9986,28d8dc719d9d2a47,Parent Response
/home/ewout/.openclaw/workspace-softwaredeveloper/ESPHome-Thread-ED-Switch-Parent/testing/logs/fast-attach-ucast-32-3router-20runs-20260823-070416/20260823-080056-run08/fast-attach-ucast-32_sniffer_20260823-080056-run08.pcapng,fast-attach-ucast-32_sniffer_20260823-080056-run08.pcapng,20260823-080056-run08,14,1787464896.943208000,"Aug 23, 2026 08:01:36.943208000 CEST",31,wpan-tap,0x0002,250,,,,,,,,,,,,,,,,,,,
/home/ewout/.openclaw/workspace-softwaredeveloper/ESPHome-Thread-ED-Switch-Parent/testing/logs/fast-attach-ucast-32-3router-20runs-20260823-070416/20260823-080056-run08/fast-attach-ucast-32_sniffer_20260823-080056-run08.pcapng,fast-attach-ucast-32_sniffer_20260823-080056-run08.pcapng,20260823-080056-run08,15,1787464897.953239000,"Aug 23, 2026 08:01:37.953239000 CEST",95,wpan-tap:6lowpan:ipv6:udp:mle,0x0001,251,22:cb:5f:d7:e6:4d:95:e7,,,0xffff,,0x8f28,fe80::20cb:5fd7:e64d:95e7,ff02::1,19788,19788,4,0|11|9,,,,,,,
/home/ewout/.openclaw/workspace-softwaredeveloper/ESPHome-Thread-ED-Switch-Parent/testing/logs/fast-attach-ucast-32-3router-20runs-20260823-070416/20260823-080056-run08/fast-attach-ucast-32_sniffer_20260823-080056-run08.pcapng,fast-attach-ucast-32_sniffer_20260823-080056-run08.pcapng,20260823-080056-run08,16,1787464898.022552000,"Aug 23, 2026 08:01:38.022552000 CEST",124,wpan-tap:6lowpan:ipv6:udp:mle,0x0001,132,ea:b0:38:9d:da:71:bb:13,22:cb:5f:d7:e6:4d:95:e7,,,,0x8f28,fe80::e8b0:389d:da71:bb13,fe80::20cb:5fd7:e64d:95e7,19788,19788,11,4|5|8|1|2|18|13|10|12|9|22,,,,,,5a49d81eda1f9986,Child ID Request
/home/ewout/.openclaw/workspace-softwaredeveloper/ESPHome-Thread-ED-Switch-Parent/testing/logs/fast-attach-ucast-32-3router-20runs-20260823-070416/20260823-080056-run08/fast-attach-ucast-32_sniffer_20260823-080056-run08.pcapng,fast-attach-ucast-32_sniffer_20260823-080056-run08.pcapng,20260823-080056-run08,17,1787464898.026080000,"Aug 23, 2026 08:01:38.026080000 CEST",31,wpan-tap,0x0002,132,,,,,,,,,,,,,,,,,,,
/home/ewout/.openclaw/workspace-softwaredeveloper/ESPHome-Thread-ED-Switch-Parent/testing/logs/fast-attach-ucast-32-3router-20runs-20260823-070416/20260823-080056-run08/fast-attach-ucast-32_sniffer_20260823-080056-run08.pcapng,fast-attach-ucast-32_sniffer_20260823-080056-run08.pcapng,20260823-080056-run08,18,1787464898.045203000,"Aug 23, 2026 08:01:38.045203000 CEST",122,wpan-tap:6lowpan:ipv6:udp:mle:thread_nwd:thread_meshcop,0x0001,252,22:cb:5f:d7:e6:4d:95:e7,ea:b0:38:9d:da:71:bb:13,,,,0x8f28,fe80::20cb:5fd7:e64d:95e7,fe80::e8b0:389d:da71:bb13,19788,19788,12,0|11|22|10|12|9,,,,,,,Child ID Response
/home/ewout/.openclaw/workspace-softwaredeveloper/ESPHome-Thread-ED-Switch-Parent/testing/logs/fast-attach-ucast-32-3router-20runs-20260823-070416/20260823-080056-run08/fast-attach-ucast-32_sniffer_20260823-080056-run08.pcapng,fast-attach-ucast-32_sniffer_20260823-080056-run08.pcapng,20260823-080056-run08,19,1787464898.048667000,"Aug 23, 2026 08:01:38.048667000 CEST",31,wpan-tap,0x0002,252,,,,,,,,,,,,,,,,,,,
/home/ewout/.openclaw/workspace-softwaredeveloper/ESPHome-Thread-ED-Switch-Parent/testing/logs/fast-attach-ucast-32-3router-20runs-20260823-070416/20260823-080056-run08/fast-attach-ucast-32_sniffer_20260823-080056-run08.pcapng,fast-attach-ucast-32_sniffer_20260823-080056-run08.pcapng,20260823-080056-run08,20,1787464898.538869000,"Aug 23, 2026 08:01:38.538869000 CEST",89,wpan-tap:6lowpan:ipv6:udp:mle,0x0001,2,d6:31:06:dc:25:0d:76:ec,,,0xffff,,0x8f28,fe80::d431:6dc:250d:76ec,ff02::2,19788,19788,9,1|3|14|18,,,,,c75a40371ea6183b,,Parent Request
/home/ewout/.openclaw/workspace-softwaredeveloper/ESPHome-Thread-ED-Switch-Parent/testing/logs/fast-attach-ucast-32-3router-20runs-20260823-070416/20260823-080056-run08/fast-attach-ucast-32_sniffer_20260823-080056-run08.pcapng,fast-attach-ucast-32_sniffer_20260823-080056-run08.pcapng,20260823-080056-run08,21,1787464899.033049000,"Aug 23, 2026 08:01:39.033049000 CEST",139,wpan-tap:6lowpan:ipv6:udp:mle,0x0001,253,22:cb:5f:d7:e6:4d:95:e7,d6:31:06:dc:25:0d:76:ec,,,,0x8f28,fe80::20cb:5fd7:e64d:95e7,fe80::d431:6dc:250d:76ec,19788,19788,10,0|11|5|8|4|3|16|15|18,,,,,81f469e11bb47bd1,c75a40371ea6183b,Parent Response
/home/ewout/.openclaw/workspace-softwaredeveloper/ESPHome-Thread-ED-Switch-Parent/testing/logs/fast-attach-ucast-32-3router-20runs-20260823-070416/20260823-080056-run08/fast-attach-ucast-32_sniffer_20260823-080056-run08.pcapng,fast-attach-ucast-32_sniffer_20260823-080056-run08.pcapng,20260823-080056-run08,22,1787464899.037057000,"Aug 23, 2026 08:01:39.037057000 CEST",31,wpan-tap,0x0002,253,,,,,,,,,,,,,,,,,,,
/home/ewout/.openclaw/workspace-softwaredeveloper/ESPHome-Thread-ED-Switch-Parent/testing/logs/fast-attach-ucast-32-3router-20runs-20260823-070416/20260823-080056-run08/fast-attach-ucast-32_sniffer_20260823-080056-run08.pcapng,fast-attach-ucast-32_sniffer_20260823-080056-run08.pcapng,20260823-080056-run08,23,1787464899.290865000,"Aug 23, 2026 08:01:39.290865000 CEST",124,wpan-tap:6lowpan:ipv6:udp:mle,0x0001,3,d6:31:06:dc:25:0d:76:ec,22:cb:5f:d7:e6:4d:95:e7,,,,0x8f28,fe80::d431:6dc:250d:76ec,fe80::20cb:5fd7:e64d:95e7,19788,19788,11,4|5|8|1|2|18|13|10|12|9|22,,,,,,81f469e11bb47bd1,Child ID Request
/home/ewout/.openclaw/workspace-softwaredeveloper/ESPHome-Thread-ED-Switch-Parent/testing/logs/fast-attach-ucast-32-3router-20runs-20260823-070416/20260823-080056-run08/fast-attach-ucast-32_sniffer_20260823-080056-run08.pcapng,fast-attach-ucast-32_sniffer_20260823-080056-run08.pcapng,20260823-080056-run08,24,1787464899.294394000,"Aug 23, 2026 08:01:39.294394000 CEST",31,wpan-tap,0x0002,3,,,,,,,,,,,,,,,,,,,
/home/ewout/.openclaw/workspace-softwaredeveloper/ESPHome-Thread-ED-Switch-Parent/testing/logs/fast-attach-ucast-32-3router-20runs-20260823-070416/20260823-080056-run08/fast-attach-ucast-32_sniffer_20260823-080056-run08.pcapng,fast-attach-ucast-32_sniffer_20260823-080056-run08.pcapng,20260823-080056-run08,25,1787464899.303597000,"Aug 23, 2026 08:01:39.303597000 CEST",122,wpan-tap:6lowpan:ipv6:udp:mle:thread_nwd:thread_meshcop,0x0001,254,22:cb:5f:d7:e6:4d:95:e7,d6:31:06:dc:25:0d:76:ec,,,,0x8f28,fe80::20cb:5fd7:e64d:95e7,fe80::d431:6dc:250d:76ec,19788,19788,12,0|11|22|10|12|9,,,,,,,Child ID Response
/home/ewout/.openclaw/workspace-softwaredeveloper/ESPHome-Thread-ED-Switch-Parent/testing/logs/fast-attach-ucast-32-3router-20runs-20260823-070416/20260823-080056-run08/fast-attach-ucast-32_sniffer_20260823-080056-run08.pcapng,fast-attach-ucast-32_sniffer_20260823-080056-run08.pcapng,20260823-080056-run08,26,1787464899.307062000,"Aug 23, 2026 08:01:39.307062000 CEST",31,wpan-tap,0x0002,254,,,,,,,,,,,,,,,,,,,
/home/ewout/.openclaw/workspace-softwaredeveloper/ESPHome-Thread-ED-Switch-Parent/testing/logs/fast-attach-ucast-32-3router-20runs-20260823-070416/20260823-080056-run08/fast-attach-ucast-32_sniffer_20260823-080056-run08.pcapng,fast-attach-ucast-32_sniffer_20260823-080056-run08.pcapng,20260823-080056-run08,27,1787464900.957273000,"Aug 23, 2026 08:01:40.957273000 CEST",95,wpan-tap:6lowpan:ipv6:udp:mle,0x0001,255,22:cb:5f:d7:e6:4d:95:e7,,,0xffff,,0x8f28,fe80::20cb:5fd7:e64d:95e7,ff02::1,19788,19788,4,0|11|9,,,,,,,
/home/ewout/.openclaw/workspace-softwaredeveloper/ESPHome-Thread-ED-Switch-Parent/testing/logs/fast-attach-ucast-32-3router-20runs-20260823-070416/20260823-080056-run08/fast-attach-ucast-32_sniffer_20260823-080056-run08.pcapng,fast-attach-ucast-32_sniffer_20260823-080056-run08.pcapng,20260823-080056-run08,28,1787464902.707187000,"Aug 23, 2026 08:01:42.707187000 CEST",104,wpan-tap:6lowpan:ipv6:udp:mle:data,0x0001,54,b2:6e:a4:5c:b4:80:0a:37,,,0xffff,0x0bea,0xffff,fe80::b06e:a45c:b480:a37,ff02::1,19788,19788,,,,,,,,,
/home/ewout/.openclaw/workspace-softwaredeveloper/ESPHome-Thread-ED-Switch-Parent/testing/logs/fast-attach-ucast-32-3router-20runs-20260823-070416/20260823-080056-run08/fast-attach-ucast-32_sniffer_20260823-080056-run08.pcapng,fast-attach-ucast-32_sniffer_20260823-080056-run08.pcapng,20260823-080056-run08,29,1787464905.679156000,"Aug 23, 2026 08:01:45.679156000 CEST",79,wpan-tap:6lowpan:ipv6:udp:data,0x0001,133,ea:b0:38:9d:da:71:bb:13,,0x1801,0x1800,,0x8f28,::ff:fe00:1801,::ff:fe00:1800,61631,61631,,,,,,,,,
/home/ewout/.openclaw/workspace-softwaredeveloper/ESPHome-Thread-ED-Switch-Parent/testing/logs/fast-attach-ucast-32-3router-20runs-20260823-070416/20260823-080056-run08/fast-attach-ucast-32_sniffer_20260823-080056-run08.pcapng,fast-attach-ucast-32_sniffer_20260823-080056-run08.pcapng,20260823-080056-run08,30,1787464905.681243000,"Aug 23, 2026 08:01:45.681243000 CEST",31,wpan-tap,0x0002,133,,,,,,,,,,,,,,,,,,,
/home/ewout/.openclaw/workspace-softwaredeveloper/ESPHome-Thread-ED-Switch-Parent/testing/logs/fast-attach-ucast-32-3router-20runs-20260823-070416/20260823-080056-run08/fast-attach-ucast-32_sniffer_20260823-080056-run08.pcapng,fast-attach-ucast-32_sniffer_20260823-080056-run08.pcapng,20260823-080056-run08,31,1787464905.687653000,"Aug 23, 2026 08:01:45.687653000 CEST",79,wpan-tap:6lowpan:ipv6:udp:data,0x0001,0,22:cb:5f:d7:e6:4d:95:e7,,0x1800,0x1801,,0x8f28,::ff:fe00:1800,::ff:fe00:1801,61631,61631,,,,,,,,,
/home/ewout/.openclaw/workspace-softwaredeveloper/ESPHome-Thread-ED-Switch-Parent/testing/logs/fast-attach-ucast-32-3router-20runs-20260823-070416/20260823-080056-run08/fast-attach-ucast-32_sniffer_20260823-080056-run08.pcapng,fast-attach-ucast-32_sniffer_20260823-080056-run08.pcapng,20260823-080056-run08,32,1787464905.689741000,"Aug 23, 2026 08:01:45.689741000 CEST",31,wpan-tap,0x0002,0,,,,,,,,,,,,,,,,,,,
/home/ewout/.openclaw/workspace-softwaredeveloper/ESPHome-Thread-ED-Switch-Parent/testing/logs/fast-attach-ucast-32-3router-20runs-20260823-070416/20260823-080056-run08/fast-attach-ucast-32_sniffer_20260823-080056-run08.pcapng,fast-attach-ucast-32_sniffer_20260823-080056-run08.pcapng,20260823-080056-run08,33,1787464905.701135000,"Aug 23, 2026 08:01:45.701135000 CEST",96,wpan-tap:6lowpan:ipv6:udp:mle,0x0001,134,ea:b0:38:9d:da:71:bb:13,,,0xffff,,0x8f28,fe80::e8b0:389d:da71:bb13,ff02::1,19788,19788,4,0|11|9,,,,,,,
/home/ewout/.openclaw/workspace-softwaredeveloper/ESPHome-Thread-ED-Switch-Parent/testing/logs/fast-attach-ucast-32-3router-20runs-20260823-070416/20260823-080056-run08/fast-attach-ucast-32_sniffer_20260823-080056-run08.pcapng,fast-attach-ucast-32_sniffer_20260823-080056-run08.pcapng,20260823-080056-run08,34,1787464906.188597000,"Aug 23, 2026 08:01:46.188597000 CEST",96,wpan-tap:6lowpan:ipv6:udp:mle,0x0001,1,22:cb:5f:d7:e6:4d:95:e7,,,0xffff,,0x8f28,fe80::20cb:5fd7:e64d:95e7,ff02::1,19788,19788,4,0|11|9,,,,,,,
/home/ewout/.openclaw/workspace-softwaredeveloper/ESPHome-Thread-ED-Switch-Parent/testing/logs/fast-attach-ucast-32-3router-20runs-20260823-070416/20260823-080056-run08/fast-attach-ucast-32_sniffer_20260823-080056-run08.pcapng,fast-attach-ucast-32_sniffer_20260823-080056-run08.pcapng,20260823-080056-run08,35,1787464906.689160000,"Aug 23, 2026 08:01:46.689160000 CEST",96,wpan-tap:6lowpan:ipv6:udp:mle,0x0001,135,ea:b0:38:9d:da:71:bb:13,,,0xffff,,0x8f28,fe80::e8b0:389d:da71:bb13,ff02::1,19788,19788,4,0|11|9,,,,,,,
/home/ewout/.openclaw/workspace-softwaredeveloper/ESPHome-Thread-ED-Switch-Parent/testing/logs/fast-attach-ucast-32-3router-20runs-20260823-070416/20260823-080056-run08/fast-attach-ucast-32_sniffer_20260823-080056-run08.pcapng,fast-attach-ucast-32_sniffer_20260823-080056-run08.pcapng,20260823-080056-run08,36,1787464907.959649000,"Aug 23, 2026 08:01:47.959649000 CEST",96,wpan-tap:6lowpan:ipv6:udp:mle,0x0001,2,22:cb:5f:d7:e6:4d:95:e7,,,0xffff,,0x8f28,fe80::20cb:5fd7:e64d:95e7,ff02::1,19788,19788,4,0|11|9,,,,,,,
/home/ewout/.openclaw/workspace-softwaredeveloper/ESPHome-Thread-ED-Switch-Parent/testing/logs/fast-attach-ucast-32-3router-20runs-20260823-070416/20260823-080056-run08/fast-attach-ucast-32_sniffer_20260823-080056-run08.pcapng,fast-attach-ucast-32_sniffer_20260823-080056-run08.pcapng,20260823-080056-run08,37,1787464908.481034000,"Aug 23, 2026 08:01:48.481034000 CEST",96,wpan-tap:6lowpan:ipv6:udp:mle,0x0001,136,ea:b0:38:9d:da:71:bb:13,,,0xffff,,0x8f28,fe80::e8b0:389d:da71:bb13,ff02::1,19788,19788,4,0|11|9,,,,,,,
/home/ewout/.openclaw/workspace-softwaredeveloper/ESPHome-Thread-ED-Switch-Parent/testing/logs/fast-attach-ucast-32-3router-20runs-20260823-070416/20260823-080056-run08/fast-attach-ucast-32_sniffer_20260823-080056-run08.pcapng,fast-attach-ucast-32_sniffer_20260823-080056-run08.pcapng,20260823-080056-run08,38,1787464909.689360000,"Aug 23, 2026 08:01:49.689360000 CEST",102,wpan-tap:6lowpan:ipv6:udp:mle,0x0001,4,d6:31:06:dc:25:0d:76:ec,ea:b0:38:9d:da:71:bb:13,,,,0x8f28,fe80::d431:6dc:250d:76ec,fe80::e8b0:389d:da71:bb13,19788,19788,0,18|0|11|3,,,,,3a5915bce7b9fb34,,
/home/ewout/.openclaw/workspace-softwaredeveloper/ESPHome-Thread-ED-Switch-Parent/testing/logs/fast-attach-ucast-32-3router-20runs-20260823-070416/20260823-080056-run08/fast-attach-ucast-32_sniffer_20260823-080056-run08.pcapng,fast-attach-ucast-32_sniffer_20260823-080056-run08.pcapng,20260823-080056-run08,39,1787464909.692184000,"Aug 23, 2026 08:01:49.692184000 CEST",31,wpan-tap,0x0002,4,,,,,,,,,,,,,,,,,,,
/home/ewout/.openclaw/workspace-softwaredeveloper/ESPHome-Thread-ED-Switch-Parent/testing/logs/fast-attach-ucast-32-3router-20runs-20260823-070416/20260823-080056-run08/fast-attach-ucast-32_sniffer_20260823-080056-run08.pcapng,fast-attach-ucast-32_sniffer_20260823-080056-run08.pcapng,20260823-080056-run08,40,1787464909.698304000,"Aug 23, 2026 08:01:49.698304000 CEST",107,wpan-tap:6lowpan:ipv6:udp:mle,0x0001,137,ea:b0:38:9d:da:71:bb:13,d6:31:06:dc:25:0d:76:ec,,,,0x8f28,fe80::e8b0:389d:da71:bb13,fe80::d431:6dc:250d:76ec,19788,19788,1,18|0|4|5|8|16,,,,,,3a5915bce7b9fb34,
/home/ewout/.openclaw/workspace-softwaredeveloper/ESPHome-Thread-ED-Switch-Parent/testing/logs/fast-attach-ucast-32-3router-20runs-20260823-070416/20260823-080056-run08/fast-attach-ucast-32_sniffer_20260823-080056-run08.pcapng,fast-attach-ucast-32_sniffer_20260823-080056-run08.pcapng,20260823-080056-run08,41,1787464909.701287000,"Aug 23, 2026 08:01:49.701287000 CEST",31,wpan-tap,0x0002,137,,,,,,,,,,,,,,,,,,,
/home/ewout/.openclaw/workspace-softwaredeveloper/ESPHome-Thread-ED-Switch-Parent/testing/logs/fast-attach-ucast-32-3router-20runs-20260823-070416/20260823-080056-run08/fast-attach-ucast-32_sniffer_20260823-080056-run08.pcapng,fast-attach-ucast-32_sniffer_20260823-080056-run08.pcapng,20260823-080056-run08,42,1787464911.919395000,"Aug 23, 2026 08:01:51.919395000 CEST",96,wpan-tap:6lowpan:ipv6:udp:mle,0x0001,138,ea:b0:38:9d:da:71:bb:13,,,0xffff,,0x8f28,fe80::e8b0:389d:da71:bb13,ff02::1,19788,19788,4,0|11|9,,,,,,,
/home/ewout/.openclaw/workspace-softwaredeveloper/ESPHome-Thread-ED-Switch-Parent/testing/logs/fast-attach-ucast-32-3router-20runs-20260823-070416/20260823-080056-run08/fast-attach-ucast-32_sniffer_20260823-080056-run08.pcapng,fast-attach-ucast-32_sniffer_20260823-080056-run08.pcapng,20260823-080056-run08,43,1787464912.522657000,"Aug 23, 2026 08:01:52.522657000 CEST",96,wpan-tap:6lowpan:ipv6:udp:mle,0x0001,3,22:cb:5f:d7:e6:4d:95:e7,,,0xffff,,0x8f28,fe80::20cb:5fd7:e64d:95e7,ff02::1,19788,19788,4,0|11|9,,,,,,,
/home/ewout/.openclaw/workspace-softwaredeveloper/ESPHome-Thread-ED-Switch-Parent/testing/logs/fast-attach-ucast-32-3router-20runs-20260823-070416/20260823-080056-run08/fast-attach-ucast-32_sniffer_20260823-080056-run08.pcapng,fast-attach-ucast-32_sniffer_20260823-080056-run08.pcapng,20260823-080056-run08,44,1787464917.078627000,"Aug 23, 2026 08:01:57.078627000 CEST",96,wpan-tap:6lowpan:ipv6:udp:mle,0x0001,139,ea:b0:38:9d:da:71:bb:13,,,0xffff,,0x8f28,fe80::e8b0:389d:da71:bb13,ff02::1,19788,19788,4,0|11|9,,,,,,,
/home/ewout/.openclaw/workspace-softwaredeveloper/ESPHome-Thread-ED-Switch-Parent/testing/logs/fast-attach-ucast-32-3router-20runs-20260823-070416/20260823-080056-run08/fast-attach-ucast-32_sniffer_20260823-080056-run08.pcapng,fast-attach-ucast-32_sniffer_20260823-080056-run08.pcapng,20260823-080056-run08,45,1787464917.097739000,"Aug 23, 2026 08:01:57.097739000 CEST",96,wpan-tap:6lowpan:ipv6:udp:mle,0x0001,4,22:cb:5f:d7:e6:4d:95:e7,,,0xffff,,0x8f28,fe80::20cb:5fd7:e64d:95e7,ff02::1,19788,19788,4,0|11|9,,,,,,,
/home/ewout/.openclaw/workspace-softwaredeveloper/ESPHome-Thread-ED-Switch-Parent/testing/logs/fast-attach-ucast-32-3router-20runs-20260823-070416/20260823-080056-run08/fast-attach-ucast-32_sniffer_20260823-080056-run08.pcapng,fast-attach-ucast-32_sniffer_20260823-080056-run08.pcapng,20260823-080056-run08,46,1787464930.786237000,"Aug 23, 2026 08:02:10.786237000 CEST",96,wpan-tap:6lowpan:ipv6:udp:mle,0x0001,140,ea:b0:38:9d:da:71:bb:13,,,0xffff,,0x8f28,fe80::e8b0:389d:da71:bb13,ff02::1,19788,19788,4,0|11|9,,,,,,,
/home/ewout/.openclaw/workspace-softwaredeveloper/ESPHome-Thread-ED-Switch-Parent/testing/logs/fast-attach-ucast-32-3router-20runs-20260823-070416/20260823-080056-run08/fast-attach-ucast-32_sniffer_20260823-080056-run08.pcapng,fast-attach-ucast-32_sniffer_20260823-080056-run08.pcapng,20260823-080056-run08,47,1787464931.537619000,"Aug 23, 2026 08:02:11.537619000 CEST",96,wpan-tap:6lowpan:ipv6:udp:mle,0x0001,5,22:cb:5f:d7:e6:4d:95:e7,,,0xffff,,0x8f28,fe80::20cb:5fd7:e64d:95e7,ff02::1,19788,19788,4,0|11|9,,,,,,,
/home/ewout/.openclaw/workspace-softwaredeveloper/ESPHome-Thread-ED-Switch-Parent/testing/logs/fast-attach-ucast-32-3router-20runs-20260823-070416/20260823-080056-run08/fast-attach-ucast-32_sniffer_20260823-080056-run08.pcapng,fast-attach-ucast-32_sniffer_20260823-080056-run08.pcapng,20260823-080056-run08,48,1787464941.809040000,"Aug 23, 2026 08:02:21.809040000 CEST",96,wpan-tap:6lowpan:ipv6:udp:mle,0x0001,6,22:cb:5f:d7:e6:4d:95:e7,,,0xffff,,0x8f28,fe80::20cb:5fd7:e64d:95e7,ff02::1,19788,19788,4,0|11|9,,,,,,,
/home/ewout/.openclaw/workspace-softwaredeveloper/ESPHome-Thread-ED-Switch-Parent/testing/logs/fast-attach-ucast-32-3router-20runs-20260823-070416/20260823-080056-run08/fast-attach-ucast-32_sniffer_20260823-080056-run08.pcapng,fast-attach-ucast-32_sniffer_20260823-080056-run08.pcapng,20260823-080056-run08,49,1787464942.238517000,"Aug 23, 2026 08:02:22.238517000 CEST",96,wpan-tap:6lowpan:ipv6:udp:mle,0x0001,141,ea:b0:38:9d:da:71:bb:13,,,0xffff,,0x8f28,fe80::e8b0:389d:da71:bb13,ff02::1,19788,19788,4,0|11|9,,,,,,,
/home/ewout/.openclaw/workspace-softwaredeveloper/ESPHome-Thread-ED-Switch-Parent/testing/logs/fast-attach-ucast-32-3router-20runs-20260823-070416/20260823-080056-run08/fast-attach-ucast-32_sniffer_20260823-080056-run08.pcapng,fast-attach-ucast-32_sniffer_20260823-080056-run08.pcapng,20260823-080056-run08,50,1787464953.387106000,"Aug 23, 2026 08:02:33.387106000 CEST",96,wpan-tap:6lowpan:ipv6:udp:mle,0x0001,142,ea:b0:38:9d:da:71:bb:13,,,0xffff,,0x8f28,fe80::e8b0:389d:da71:bb13,ff02::1,19788,19788,4,0|11|9,,,,,,,
/home/ewout/.openclaw/workspace-softwaredeveloper/ESPHome-Thread-ED-Switch-Parent/testing/logs/fast-attach-ucast-32-3router-20runs-20260823-070416/20260823-080056-run08/fast-attach-ucast-32_sniffer_20260823-080056-run08.pcapng,fast-attach-ucast-32_sniffer_20260823-080056-run08.pcapng,20260823-080056-run08,51,1787464954.929561000,"Aug 23, 2026 08:02:34.929561000 CEST",96,wpan-tap:6lowpan:ipv6:udp:mle,0x0001,7,22:cb:5f:d7:e6:4d:95:e7,,,0xffff,,0x8f28,fe80::20cb:5fd7:e64d:95e7,ff02::1,19788,19788,4,0|11|9,,,,,,,
/home/ewout/.openclaw/workspace-softwaredeveloper/ESPHome-Thread-ED-Switch-Parent/testing/logs/fast-attach-ucast-32-3router-20runs-20260823-070416/20260823-080056-run08/fast-attach-ucast-32_sniffer_20260823-080056-run08.pcapng,fast-attach-ucast-32_sniffer_20260823-080056-run08.pcapng,20260823-080056-run08,52,1787464964.778594000,"Aug 23, 2026 08:02:44.778594000 CEST",96,wpan-tap:6lowpan:ipv6:udp:mle,0x0001,143,ea:b0:38:9d:da:71:bb:13,,,0xffff,,0x8f28,fe80::e8b0:389d:da71:bb13,ff02::1,19788,19788,4,0|11|9,,,,,,,
/home/ewout/.openclaw/workspace-softwaredeveloper/ESPHome-Thread-ED-Switch-Parent/testing/logs/fast-attach-ucast-32-3router-20runs-20260823-070416/20260823-080056-run08/fast-attach-ucast-32_sniffer_20260823-080056-run08.pcapng,fast-attach-ucast-32_sniffer_20260823-080056-run08.pcapng,20260823-080056-run08,53,1787464967.037787000,"Aug 23, 2026 08:02:47.037787000 CEST",96,wpan-tap:6lowpan:ipv6:udp:mle,0x0001,8,22:cb:5f:d7:e6:4d:95:e7,,,0xffff,,0x8f28,fe80::20cb:5fd7:e64d:95e7,ff02::1,19788,19788,4,0|11|9,,,,,,,
/home/ewout/.openclaw/workspace-softwaredeveloper/ESPHome-Thread-ED-Switch-Parent/testing/logs/fast-attach-ucast-32-3router-20runs-20260823-070416/20260823-080056-run08/fast-attach-ucast-32_sniffer_20260823-080056-run08.pcapng,fast-attach-ucast-32_sniffer_20260823-080056-run08.pcapng,20260823-080056-run08,54,1787464976.384435000,"Aug 23, 2026 08:02:56.384435000 CEST",96,wpan-tap:6lowpan:ipv6:udp:mle,0x0001,9,22:cb:5f:d7:e6:4d:95:e7,,,0xffff,,0x8f28,fe80::20cb:5fd7:e64d:95e7,ff02::1,19788,19788,4,0|11|9,,,,,,,
/home/ewout/.openclaw/workspace-softwaredeveloper/ESPHome-Thread-ED-Switch-Parent/testing/logs/fast-attach-ucast-32-3router-20runs-20260823-070416/20260823-080056-run08/fast-attach-ucast-32_sniffer_20260823-080056-run08.pcapng,fast-attach-ucast-32_sniffer_20260823-080056-run08.pcapng,20260823-080056-run08,55,1787464978.126125000,"Aug 23, 2026 08:02:58.126125000 CEST",96,wpan-tap:6lowpan:ipv6:udp:mle,0x0001,144,ea:b0:38:9d:da:71:bb:13,,,0xffff,,0x8f28,fe80::e8b0:389d:da71:bb13,ff02::1,19788,19788,4,0|11|9,,,,,,,
/home/ewout/.openclaw/workspace-softwaredeveloper/ESPHome-Thread-ED-Switch-Parent/testing/logs/fast-attach-ucast-32-3router-20runs-20260823-070416/20260823-080056-run08/fast-attach-ucast-32_sniffer_20260823-080056-run08.pcapng,fast-attach-ucast-32_sniffer_20260823-080056-run08.pcapng,20260823-080056-run08,56,1787464987.298882000,"Aug 23, 2026 08:03:07.298882000 CEST",96,wpan-tap:6lowpan:ipv6:udp:mle,0x0001,10,22:cb:5f:d7:e6:4d:95:e7,,,0xffff,,0x8f28,fe80::20cb:5fd7:e64d:95e7,ff02::1,19788,19788,4,0|11|9,,,,,,,
/home/ewout/.openclaw/workspace-softwaredeveloper/ESPHome-Thread-ED-Switch-Parent/testing/logs/fast-attach-ucast-32-3router-20runs-20260823-070416/20260823-080056-run08/fast-attach-ucast-32_sniffer_20260823-080056-run08.pcapng,fast-attach-ucast-32_sniffer_20260823-080056-run08.pcapng,20260823-080056-run08,57,1787464992.031941000,"Aug 23, 2026 08:03:12.031941000 CEST",96,wpan-tap:6lowpan:ipv6:udp:mle,0x0001,145,ea:b0:38:9d:da:71:bb:13,,,0xffff,,0x8f28,fe80::e8b0:389d:da71:bb13,ff02::1,19788,19788,4,0|11|9,,,,,,,
/home/ewout/.openclaw/workspace-softwaredeveloper/ESPHome-Thread-ED-Switch-Parent/testing/logs/fast-attach-ucast-32-3router-20runs-20260823-070416/20260823-080056-run08/fast-attach-ucast-32_sniffer_20260823-080056-run08.pcapng,fast-attach-ucast-32_sniffer_20260823-080056-run08.pcapng,20260823-080056-run08,58,1787464998.927358000,"Aug 23, 2026 08:03:18.927358000 CEST",96,wpan-tap:6lowpan:ipv6:udp:mle,0x0001,11,22:cb:5f:d7:e6:4d:95:e7,,,0xffff,,0x8f28,fe80::20cb:5fd7:e64d:95e7,ff02::1,19788,19788,4,0|11|9,,,,,,,
/home/ewout/.openclaw/workspace-softwaredeveloper/ESPHome-Thread-ED-Switch-Parent/testing/logs/fast-attach-ucast-32-3router-20runs-20260823-070416/20260823-080056-run08/fast-attach-ucast-32_sniffer_20260823-080056-run08.pcapng,fast-attach-ucast-32_sniffer_20260823-080056-run08.pcapng,20260823-080056-run08,59,1787465003.547453000,"Aug 23, 2026 08:03:23.547453000 CEST",96,wpan-tap:6lowpan:ipv6:udp:mle,0x0001,146,ea:b0:38:9d:da:71:bb:13,,,0xffff,,0x8f28,fe80::e8b0:389d:da71:bb13,ff02::1,19788,19788,4,0|11|9,,,,,,,
/home/ewout/.openclaw/workspace-softwaredeveloper/ESPHome-Thread-ED-Switch-Parent/testing/logs/fast-attach-ucast-32-3router-20runs-20260823-070416/20260823-080056-run08/fast-attach-ucast-32_sniffer_20260823-080056-run08.pcapng,fast-attach-ucast-32_sniffer_20260823-080056-run08.pcapng,20260823-080056-run08,60,1787465011.836667000,"Aug 23, 2026 08:03:31.836667000 CEST",96,wpan-tap:6lowpan:ipv6:udp:mle,0x0001,12,22:cb:5f:d7:e6:4d:95:e7,,,0xffff,,0x8f28,fe80::20cb:5fd7:e64d:95e7,ff02::1,19788,19788,4,0|11|9,,,,,,,
/home/ewout/.openclaw/workspace-softwaredeveloper/ESPHome-Thread-ED-Switch-Parent/testing/logs/fast-attach-ucast-32-3router-20runs-20260823-070416/20260823-080056-run08/fast-attach-ucast-32_sniffer_20260823-080056-run08.pcapng,fast-attach-ucast-32_sniffer_20260823-080056-run08.pcapng,20260823-080056-run08,61,1787465014.322520000,"Aug 23, 2026 08:03:34.322520000 CEST",79,wpan-tap:6lowpan:ipv6:udp:data,0x0001,5,d6:31:06:dc:25:0d:76:ec,,0x1802,0x1800,,0x8f28,::ff:fe00:1802,::ff:fe00:1800,61631,61631,,,,,,,,,
/home/ewout/.openclaw/workspace-softwaredeveloper/ESPHome-Thread-ED-Switch-Parent/testing/logs/fast-attach-ucast-32-3router-20runs-20260823-070416/20260823-080056-run08/fast-attach-ucast-32_sniffer_20260823-080056-run08.pcapng,fast-attach-ucast-32_sniffer_20260823-080056-run08.pcapng,20260823-080056-run08,62,1787465014.324608000,"Aug 23, 2026 08:03:34.324608000 CEST",31,wpan-tap,0x0002,5,,,,,,,,,,,,,,,,,,,
/home/ewout/.openclaw/workspace-softwaredeveloper/ESPHome-Thread-ED-Switch-Parent/testing/logs/fast-attach-ucast-32-3router-20runs-20260823-070416/20260823-080056-run08/fast-attach-ucast-32_sniffer_20260823-080056-run08.pcapng,fast-attach-ucast-32_sniffer_20260823-080056-run08.pcapng,20260823-080056-run08,63,1787465014.329542000,"Aug 23, 2026 08:03:34.329542000 CEST",79,wpan-tap:6lowpan:ipv6:udp:data,0x0001,13,22:cb:5f:d7:e6:4d:95:e7,,0x1800,0x1802,,0x8f28,::ff:fe00:1800,::ff:fe00:1802,61631,61631,,,,,,,,,
/home/ewout/.openclaw/workspace-softwaredeveloper/ESPHome-Thread-ED-Switch-Parent/testing/logs/fast-attach-ucast-32-3router-20runs-20260823-070416/20260823-080056-run08/fast-attach-ucast-32_sniffer_20260823-080056-run08.pcapng,fast-attach-ucast-32_sniffer_20260823-080056-run08.pcapng,20260823-080056-run08,64,1787465014.331629000,"Aug 23, 2026 08:03:34.331629000 CEST",31,wpan-tap,0x0002,13,,,,,,,,,,,,,,,,,,,
/home/ewout/.openclaw/workspace-softwaredeveloper/ESPHome-Thread-ED-Switch-Parent/testing/logs/fast-attach-ucast-32-3router-20runs-20260823-070416/20260823-080056-run08/fast-attach-ucast-32_sniffer_20260823-080056-run08.pcapng,fast-attach-ucast-32_sniffer_20260823-080056-run08.pcapng,20260823-080056-run08,65,1787465014.343504000,"Aug 23, 2026 08:03:34.343504000 CEST",97,wpan-tap:6lowpan:ipv6:udp:mle,0x0001,6,d6:31:06:dc:25:0d:76:ec,,,0xffff,,0x8f28,fe80::d431:6dc:250d:76ec,ff02::1,19788,19788,4,0|11|9,,,,,,,
/home/ewout/.openclaw/workspace-softwaredeveloper/ESPHome-Thread-ED-Switch-Parent/testing/logs/fast-attach-ucast-32-3router-20runs-20260823-070416/20260823-080056-run08/fast-attach-ucast-32_sniffer_20260823-080056-run08.pcapng,fast-attach-ucast-32_sniffer_20260823-080056-run08.pcapng,20260823-080056-run08,66,1787465014.684957000,"Aug 23, 2026 08:03:34.684957000 CEST",96,wpan-tap:6lowpan:ipv6:udp:mle,0x0001,147,ea:b0:38:9d:da:71:bb:13,,,0xffff,,0x8f28,fe80::e8b0:389d:da71:bb13,ff02::1,19788,19788,4,0|11|9,,,,,,,
/home/ewout/.openclaw/workspace-softwaredeveloper/ESPHome-Thread-ED-Switch-Parent/testing/logs/fast-attach-ucast-32-3router-20runs-20260823-070416/20260823-080056-run08/fast-attach-ucast-32_sniffer_20260823-080056-run08.pcapng,fast-attach-ucast-32_sniffer_20260823-080056-run08.pcapng,20260823-080056-run08,67,1787465015.233534000,"Aug 23, 2026 08:03:35.233534000 CEST",97,wpan-tap:6lowpan:ipv6:udp:mle,0x0001,7,d6:31:06:dc:25:0d:76:ec,,,0xffff,,0x8f28,fe80::d431:6dc:250d:76ec,ff02::1,19788,19788,4,0|11|9,,,,,,,
/home/ewout/.openclaw/workspace-softwaredeveloper/ESPHome-Thread-ED-Switch-Parent/testing/logs/fast-attach-ucast-32-3router-20runs-20260823-070416/20260823-080056-run08/fast-attach-ucast-32_sniffer_20260823-080056-run08.pcapng,fast-attach-ucast-32_sniffer_20260823-080056-run08.pcapng,20260823-080056-run08,68,1787465015.279032000,"Aug 23, 2026 08:03:35.279032000 CEST",97,wpan-tap:6lowpan:ipv6:udp:mle,0x0001,14,22:cb:5f:d7:e6:4d:95:e7,,,0xffff,,0x8f28,fe80::20cb:5fd7:e64d:95e7,ff02::1,19788,19788,4,0|11|9,,,,,,,
/home/ewout/.openclaw/workspace-softwaredeveloper/ESPHome-Thread-ED-Switch-Parent/testing/logs/fast-attach-ucast-32-3router-20runs-20260823-070416/20260823-080056-run08/fast-attach-ucast-32_sniffer_20260823-080056-run08.pcapng,fast-attach-ucast-32_sniffer_20260823-080056-run08.pcapng,20260823-080056-run08,69,1787465015.958009000,"Aug 23, 2026 08:03:35.958009000 CEST",97,wpan-tap:6lowpan:ipv6:udp:mle,0x0001,148,ea:b0:38:9d:da:71:bb:13,,,0xffff,,0x8f28,fe80::e8b0:389d:da71:bb13,ff02::1,19788,19788,4,0|11|9,,,,,,,
/home/ewout/.openclaw/workspace-softwaredeveloper/ESPHome-Thread-ED-Switch-Parent/testing/logs/fast-attach-ucast-32-3router-20runs-20260823-070416/20260823-080056-run08/fast-attach-ucast-32_sniffer_20260823-080056-run08.pcapng,fast-attach-ucast-32_sniffer_20260823-080056-run08.pcapng,20260823-080056-run08,70,1787465016.908025000,"Aug 23, 2026 08:03:36.908025000 CEST",105,wpan-tap:6lowpan:ipv6:udp:mle,0x0001,8,d6:31:06:dc:25:0d:76:ec,ea:b0:38:9d:da:71:bb:13,,,,0x8f28,fe80::d431:6dc:250d:76ec,fe80::e8b0:389d:da71:bb13,19788,19788,0,18|13|16|0|11|3,,,,,097149792e8b9b3f,,
/home/ewout/.openclaw/workspace-softwaredeveloper/ESPHome-Thread-ED-Switch-Parent/testing/logs/fast-attach-ucast-32-3router-20runs-20260823-070416/20260823-080056-run08/fast-attach-ucast-32_sniffer_20260823-080056-run08.pcapng,fast-attach-ucast-32_sniffer_20260823-080056-run08.pcapng,20260823-080056-run08,71,1787465016.910944000,"Aug 23, 2026 08:03:36.910944000 CEST",31,wpan-tap,0x0002,8,,,,,,,,,,,,,,,,,,,
/home/ewout/.openclaw/workspace-softwaredeveloper/ESPHome-Thread-ED-Switch-Parent/testing/logs/fast-attach-ucast-32-3router-20runs-20260823-070416/20260823-080056-run08/fast-attach-ucast-32_sniffer_20260823-080056-run08.pcapng,fast-attach-ucast-32_sniffer_20260823-080056-run08.pcapng,20260823-080056-run08,72,1787465016.917063000,"Aug 23, 2026 08:03:36.917063000 CEST",130,wpan-tap:6lowpan:ipv6:udp:mle,0x0001,149,ea:b0:38:9d:da:71:bb:13,d6:31:06:dc:25:0d:76:ec,,,,0x8f28,fe80::e8b0:389d:da71:bb13,fe80::d431:6dc:250d:76ec,19788,19788,2,18|0|4|5|8|16|11|3|13|16,,,,,aae7a2edf1ba7a22,097149792e8b9b3f,
/home/ewout/.openclaw/workspace-softwaredeveloper/ESPHome-Thread-ED-Switch-Parent/testing/logs/fast-attach-ucast-32-3router-20runs-20260823-070416/20260823-080056-run08/fast-attach-ucast-32_sniffer_20260823-080056-run08.pcapng,fast-attach-ucast-32_sniffer_20260823-080056-run08.pcapng,20260823-080056-run08,73,1787465016.920783000,"Aug 23, 2026 08:03:36.920783000 CEST",31,wpan-tap,0x0002,149,,,,,,,,,,,,,,,,,,,
/home/ewout/.openclaw/workspace-softwaredeveloper/ESPHome-Thread-ED-Switch-Parent/testing/logs/fast-attach-ucast-32-3router-20runs-20260823-070416/20260823-080056-run08/fast-attach-ucast-32_sniffer_20260823-080056-run08.pcapng,fast-attach-ucast-32_sniffer_20260823-080056-run08.pcapng,20260823-080056-run08,74,1787465016.926629000,"Aug 23, 2026 08:03:36.926629000 CEST",117,wpan-tap:6lowpan:ipv6:udp:mle,0x0001,9,d6:31:06:dc:25:0d:76:ec,ea:b0:38:9d:da:71:bb:13,,,,0x8f28,fe80::d431:6dc:250d:76ec,fe80::e8b0:389d:da71:bb13,19788,19788,1,18|0|4|5|8|16|11,,,,,,aae7a2edf1ba7a22,
/home/ewout/.openclaw/workspace-softwaredeveloper/ESPHome-Thread-ED-Switch-Parent/testing/logs/fast-attach-ucast-32-3router-20runs-20260823-070416/20260823-080056-run08/fast-attach-ucast-32_sniffer_20260823-080056-run08.pcapng,fast-attach-ucast-32_sniffer_20260823-080056-run08.pcapng,20260823-080056-run08,75,1787465016.929932000,"Aug 23, 2026 08:03:36.929932000 CEST",31,wpan-tap,0x0002,9,,,,,,,,,,,,,,,,,,,
/home/ewout/.openclaw/workspace-softwaredeveloper/ESPHome-Thread-ED-Switch-Parent/testing/logs/fast-attach-ucast-32-3router-20runs-20260823-070416/20260823-080056-run08/fast-attach-ucast-32_sniffer_20260823-080056-run08.pcapng,fast-attach-ucast-32_sniffer_20260823-080056-run08.pcapng,20260823-080056-run08,76,1787465017.189121000,"Aug 23, 2026 08:03:37.189121000 CEST",97,wpan-tap:6lowpan:ipv6:udp:mle,0x0001,15,22:cb:5f:d7:e6:4d:95:e7,,,0xffff,,0x8f28,fe80::20cb:5fd7:e64d:95e7,ff02::1,19788,19788,4,0|11|9,,,,,,,
/home/ewout/.openclaw/workspace-softwaredeveloper/ESPHome-Thread-ED-Switch-Parent/testing/logs/fast-attach-ucast-32-3router-20runs-20260823-070416/20260823-080056-run08/fast-attach-ucast-32_sniffer_20260823-080056-run08.pcapng,fast-attach-ucast-32_sniffer_20260823-080056-run08.pcapng,20260823-080056-run08,77,1787465017.291633000,"Aug 23, 2026 08:03:37.291633000 CEST",97,wpan-tap:6lowpan:ipv6:udp:mle,0x0001,10,d6:31:06:dc:25:0d:76:ec,,,0xffff,,0x8f28,fe80::d431:6dc:250d:76ec,ff02::1,19788,19788,4,0|11|9,,,,,,,
/home/ewout/.openclaw/workspace-softwaredeveloper/ESPHome-Thread-ED-Switch-Parent/testing/logs/fast-attach-ucast-32-3router-20runs-20260823-070416/20260823-080056-run08/fast-attach-ucast-32_sniffer_20260823-080056-run08.pcapng,fast-attach-ucast-32_sniffer_20260823-080056-run08.pcapng,20260823-080056-run08,78,1787465018.078106000,"Aug 23, 2026 08:03:38.078106000 CEST",97,wpan-tap:6lowpan:ipv6:udp:mle,0x0001,150,ea:b0:38:9d:da:71:bb:13,,,0xffff,,0x8f28,fe80::e8b0:389d:da71:bb13,ff02::1,19788,19788,4,0|11|9,,,,,,,
/home/ewout/.openclaw/workspace-softwaredeveloper/ESPHome-Thread-ED-Switch-Parent/testing/logs/fast-attach-ucast-32-3router-20runs-20260823-070416/20260823-080056-run08/fast-attach-ucast-32_sniffer_20260823-080056-run08.pcapng,fast-attach-ucast-32_sniffer_20260823-080056-run08.pcapng,20260823-080056-run08,79,1787465020.025033000,"Aug 23, 2026 08:03:40.025033000 CEST",97,wpan-tap:6lowpan:ipv6:udp:mle,0x0001,16,22:cb:5f:d7:e6:4d:95:e7,,,0xffff,,0x8f28,fe80::20cb:5fd7:e64d:95e7,ff02::1,19788,19788,4,0|11|9,,,,,,,
/home/ewout/.openclaw/workspace-softwaredeveloper/ESPHome-Thread-ED-Switch-Parent/testing/logs/fast-attach-ucast-32-3router-20runs-20260823-070416/20260823-080056-run08/fast-attach-ucast-32_sniffer_20260823-080056-run08.pcapng,fast-attach-ucast-32_sniffer_20260823-080056-run08.pcapng,20260823-080056-run08,80,1787465020.508817000,"Aug 23, 2026 08:03:40.508817000 CEST",97,wpan-tap:6lowpan:ipv6:udp:mle,0x0001,11,d6:31:06:dc:25:0d:76:ec,,,0xffff,,0x8f28,fe80::d431:6dc:250d:76ec,ff02::1,19788,19788,4,0|11|9,,,,,,,
/home/ewout/.openclaw/workspace-softwaredeveloper/ESPHome-Thread-ED-Switch-Parent/testing/logs/fast-attach-ucast-32-3router-20runs-20260823-070416/20260823-080056-run08/fast-attach-ucast-32_sniffer_20260823-080056-run08.pcapng,fast-attach-ucast-32_sniffer_20260823-080056-run08.pcapng,20260823-080056-run08,81,1787465022.166070000,"Aug 23, 2026 08:03:42.166070000 CEST",97,wpan-tap:6lowpan:ipv6:udp:mle,0x0001,151,ea:b0:38:9d:da:71:bb:13,,,0xffff,,0x8f28,fe80::e8b0:389d:da71:bb13,ff02::1,19788,19788,4,0|11|9,,,,,,,
/home/ewout/.openclaw/workspace-softwaredeveloper/ESPHome-Thread-ED-Switch-Parent/testing/logs/fast-attach-ucast-32-3router-20runs-20260823-070416/20260823-080056-run08/fast-attach-ucast-32_sniffer_20260823-080056-run08.pcapng,fast-attach-ucast-32_sniffer_20260823-080056-run08.pcapng,20260823-080056-run08,82,1787465026.263060000,"Aug 23, 2026 08:03:46.263060000 CEST",97,wpan-tap:6lowpan:ipv6:udp:mle,0x0001,12,d6:31:06:dc:25:0d:76:ec,,,0xffff,,0x8f28,fe80::d431:6dc:250d:76ec,ff02::1,19788,19788,4,0|11|9,,,,,,,
/home/ewout/.openclaw/workspace-softwaredeveloper/ESPHome-Thread-ED-Switch-Parent/testing/logs/fast-attach-ucast-32-3router-20runs-20260823-070416/20260823-080056-run08/fast-attach-ucast-32_sniffer_20260823-080056-run08.pcapng,fast-attach-ucast-32_sniffer_20260823-080056-run08.pcapng,20260823-080056-run08,83,1787465026.411471000,"Aug 23, 2026 08:03:46.411471000 CEST",97,wpan-tap:6lowpan:ipv6:udp:mle,0x0001,17,22:cb:5f:d7:e6:4d:95:e7,,,0xffff,,0x8f28,fe80::20cb:5fd7:e64d:95e7,ff02::1,19788,19788,4,0|11|9,,,,,,,
/home/ewout/.openclaw/workspace-softwaredeveloper/ESPHome-Thread-ED-Switch-Parent/testing/logs/fast-attach-ucast-32-3router-20runs-20260823-070416/20260823-080056-run08/fast-attach-ucast-32_sniffer_20260823-080056-run08.pcapng,fast-attach-ucast-32_sniffer_20260823-080056-run08.pcapng,20260823-080056-run08,84,1787465028.889575000,"Aug 23, 2026 08:03:48.889575000 CEST",97,wpan-tap:6lowpan:ipv6:udp:mle,0x0001,152,ea:b0:38:9d:da:71:bb:13,,,0xffff,,0x8f28,fe80::e8b0:389d:da71:bb13,ff02::1,19788,19788,4,0|11|9,,,,,,,
/home/ewout/.openclaw/workspace-softwaredeveloper/ESPHome-Thread-ED-Switch-Parent/testing/logs/fast-attach-ucast-32-3router-20runs-20260823-070416/20260823-080056-run08/fast-attach-ucast-32_sniffer_20260823-080056-run08.pcapng,fast-attach-ucast-32_sniffer_20260823-080056-run08.pcapng,20260823-080056-run08,85,1787465037.112816000,"Aug 23, 2026 08:03:57.112816000 CEST",97,wpan-tap:6lowpan:ipv6:udp:mle,0x0001,153,ea:b0:38:9d:da:71:bb:13,,,0xffff,,0x8f28,fe80::e8b0:389d:da71:bb13,ff02::1,19788,19788,4,0|11|9,,,,,,,
/home/ewout/.openclaw/workspace-softwaredeveloper/ESPHome-Thread-ED-Switch-Parent/testing/logs/fast-attach-ucast-32-3router-20runs-20260823-070416/20260823-080056-run08/fast-attach-ucast-32_sniffer_20260823-080056-run08.pcapng,fast-attach-ucast-32_sniffer_20260823-080056-run08.pcapng,20260823-080056-run08,86,1787465037.921601000,"Aug 23, 2026 08:03:57.921601000 CEST",97,wpan-tap:6lowpan:ipv6:udp:mle,0x0001,18,22:cb:5f:d7:e6:4d:95:e7,,,0xffff,,0x8f28,fe80::20cb:5fd7:e64d:95e7,ff02::1,19788,19788,4,0|11|9,,,,,,,
/home/ewout/.openclaw/workspace-softwaredeveloper/ESPHome-Thread-ED-Switch-Parent/testing/logs/fast-attach-ucast-32-3router-20runs-20260823-070416/20260823-080056-run08/fast-attach-ucast-32_sniffer_20260823-080056-run08.pcapng,fast-attach-ucast-32_sniffer_20260823-080056-run08.pcapng,20260823-080056-run08,87,1787465038.853635000,"Aug 23, 2026 08:03:58.853635000 CEST",97,wpan-tap:6lowpan:ipv6:udp:mle,0x0001,13,d6:31:06:dc:25:0d:76:ec,,,0xffff,,0x8f28,fe80::d431:6dc:250d:76ec,ff02::1,19788,19788,4,0|11|9,,,,,,,
/home/ewout/.openclaw/workspace-softwaredeveloper/ESPHome-Thread-ED-Switch-Parent/testing/logs/fast-attach-ucast-32-3router-20runs-20260823-070416/20260823-080056-run08/fast-attach-ucast-32_sniffer_20260823-080056-run08.pcapng,fast-attach-ucast-32_sniffer_20260823-080056-run08.pcapng,20260823-080056-run08,88,1787465048.996181000,"Aug 23, 2026 08:04:08.996181000 CEST",97,wpan-tap:6lowpan:ipv6:udp:mle,0x0001,14,d6:31:06:dc:25:0d:76:ec,,,0xffff,,0x8f28,fe80::d431:6dc:250d:76ec,ff02::1,19788,19788,4,0|11|9,,,,,,,
/home/ewout/.openclaw/workspace-softwaredeveloper/ESPHome-Thread-ED-Switch-Parent/testing/logs/fast-attach-ucast-32-3router-20runs-20260823-070416/20260823-080056-run08/fast-attach-ucast-32_sniffer_20260823-080056-run08.pcapng,fast-attach-ucast-32_sniffer_20260823-080056-run08.pcapng,20260823-080056-run08,89,1787465049.686425000,"Aug 23, 2026 08:04:09.686425000 CEST",97,wpan-tap:6lowpan:ipv6:udp:mle,0x0001,19,22:cb:5f:d7:e6:4d:95:e7,,,0xffff,,0x8f28,fe80::20cb:5fd7:e64d:95e7,ff02::1,19788,19788,4,0|11|9,,,,,,,
/home/ewout/.openclaw/workspace-softwaredeveloper/ESPHome-Thread-ED-Switch-Parent/testing/logs/fast-attach-ucast-32-3router-20runs-20260823-070416/20260823-080056-run08/fast-attach-ucast-32_sniffer_20260823-080056-run08.pcapng,fast-attach-ucast-32_sniffer_20260823-080056-run08.pcapng,20260823-080056-run08,90,1787465051.251569000,"Aug 23, 2026 08:04:11.251569000 CEST",97,wpan-tap:6lowpan:ipv6:udp:mle,0x0001,154,ea:b0:38:9d:da:71:bb:13,,,0xffff,,0x8f28,fe80::e8b0:389d:da71:bb13,ff02::1,19788,19788,4,0|11|9,,,,,,,
/home/ewout/.openclaw/workspace-softwaredeveloper/ESPHome-Thread-ED-Switch-Parent/testing/logs/fast-attach-ucast-32-3router-20runs-20260823-070416/20260823-080056-run08/fast-attach-ucast-32_sniffer_20260823-080056-run08.pcapng,fast-attach-ucast-32_sniffer_20260823-080056-run08.pcapng,20260823-080056-run08,91,1787465059.835698000,"Aug 23, 2026 08:04:19.835698000 CEST",97,wpan-tap:6lowpan:ipv6:udp:mle,0x0001,15,d6:31:06:dc:25:0d:76:ec,,,0xffff,,0x8f28,fe80::d431:6dc:250d:76ec,ff02::1,19788,19788,4,0|11|9,,,,,,,
/home/ewout/.openclaw/workspace-softwaredeveloper/ESPHome-Thread-ED-Switch-Parent/testing/logs/fast-attach-ucast-32-3router-20runs-20260823-070416/20260823-080056-run08/fast-attach-ucast-32_sniffer_20260823-080056-run08.pcapng,fast-attach-ucast-32_sniffer_20260823-080056-run08.pcapng,20260823-080056-run08,92,1787465062.308055000,"Aug 23, 2026 08:04:22.308055000 CEST",97,wpan-tap:6lowpan:ipv6:udp:mle,0x0001,155,ea:b0:38:9d:da:71:bb:13,,,0xffff,,0x8f28,fe80::e8b0:389d:da71:bb13,ff02::1,19788,19788,4,0|11|9,,,,,,,
/home/ewout/.openclaw/workspace-softwaredeveloper/ESPHome-Thread-ED-Switch-Parent/testing/logs/fast-attach-ucast-32-3router-20runs-20260823-070416/20260823-080056-run08/fast-attach-ucast-32_sniffer_20260823-080056-run08.pcapng,fast-attach-ucast-32_sniffer_20260823-080056-run08.pcapng,20260823-080056-run08,93,1787465062.586670000,"Aug 23, 2026 08:04:22.586670000 CEST",97,wpan-tap:6lowpan:ipv6:udp:mle,0x0001,20,22:cb:5f:d7:e6:4d:95:e7,,,0xffff,,0x8f28,fe80::20cb:5fd7:e64d:95e7,ff02::1,19788,19788,4,0|11|9,,,,,,,
/home/ewout/.openclaw/workspace-softwaredeveloper/ESPHome-Thread-ED-Switch-Parent/testing/logs/fast-attach-ucast-32-3router-20runs-20260823-070416/20260823-080056-run08/fast-attach-ucast-32_sniffer_20260823-080056-run08.pcapng,fast-attach-ucast-32_sniffer_20260823-080056-run08.pcapng,20260823-080056-run08,94,1787465074.188414000,"Aug 23, 2026 08:04:34.188414000 CEST",97,wpan-tap:6lowpan:ipv6:udp:mle,0x0001,156,ea:b0:38:9d:da:71:bb:13,,,0xffff,,0x8f28,fe80::e8b0:389d:da71:bb13,ff02::1,19788,19788,4,0|11|9,,,,,,,
/home/ewout/.openclaw/workspace-softwaredeveloper/ESPHome-Thread-ED-Switch-Parent/testing/logs/fast-attach-ucast-32-3router-20runs-20260823-070416/20260823-080056-run08/fast-attach-ucast-32_sniffer_20260823-080056-run08.pcapng,fast-attach-ucast-32_sniffer_20260823-080056-run08.pcapng,20260823-080056-run08,95,1787465074.259138000,"Aug 23, 2026 08:04:34.259138000 CEST",97,wpan-tap:6lowpan:ipv6:udp:mle,0x0001,16,d6:31:06:dc:25:0d:76:ec,,,0xffff,,0x8f28,fe80::d431:6dc:250d:76ec,ff02::1,19788,19788,4,0|11|9,,,,,,,
/home/ewout/.openclaw/workspace-softwaredeveloper/ESPHome-Thread-ED-Switch-Parent/testing/logs/fast-attach-ucast-32-3router-20runs-20260823-070416/20260823-080056-run08/fast-attach-ucast-32_sniffer_20260823-080056-run08.pcapng,fast-attach-ucast-32_sniffer_20260823-080056-run08.pcapng,20260823-080056-run08,96,1787465075.505469000,"Aug 23, 2026 08:04:35.505469000 CEST",97,wpan-tap:6lowpan:ipv6:udp:mle,0x0001,21,22:cb:5f:d7:e6:4d:95:e7,,,0xffff,,0x8f28,fe80::20cb:5fd7:e64d:95e7,ff02::1,19788,19788,4,0|11|9,,,,,,,
/home/ewout/.openclaw/workspace-softwaredeveloper/ESPHome-Thread-ED-Switch-Parent/testing/logs/fast-attach-ucast-32-3router-20runs-20260823-070416/20260823-080056-run08/fast-attach-ucast-32_sniffer_20260823-080056-run08.pcapng,fast-attach-ucast-32_sniffer_20260823-080056-run08.pcapng,20260823-080056-run08,97,1787465082.679762000,"Aug 23, 2026 08:04:42.679762000 CEST",89,wpan-tap:6lowpan:ipv6:udp:mle,0x0001,49,6e:0c:7f:41:ca:71:76:43,,,0xffff,,0x8f28,fe80::6c0c:7f41:ca71:7643,ff02::2,19788,19788,9,1|3|14|18,,,,,d12923d997de07c9,,Parent Request
/home/ewout/.openclaw/workspace-softwaredeveloper/ESPHome-Thread-ED-Switch-Parent/testing/logs/fast-attach-ucast-32-3router-20runs-20260823-070416/20260823-080056-run08/fast-attach-ucast-32_sniffer_20260823-080056-run08.pcapng,fast-attach-ucast-32_sniffer_20260823-080056-run08.pcapng,20260823-080056-run08,98,1787465082.707962000,"Aug 23, 2026 08:04:42.707962000 CEST",139,wpan-tap:6lowpan:ipv6:udp:mle,0x0001,157,ea:b0:38:9d:da:71:bb:13,6e:0c:7f:41:ca:71:76:43,,,,0x8f28,fe80::e8b0:389d:da71:bb13,fe80::6c0c:7f41:ca71:7643,19788,19788,10,0|11|5|8|4|3|16|15|18,,,,,f9fa09c7b2a470ea,d12923d997de07c9,Parent Response
/home/ewout/.openclaw/workspace-softwaredeveloper/ESPHome-Thread-ED-Switch-Parent/testing/logs/fast-attach-ucast-32-3router-20runs-20260823-070416/20260823-080056-run08/fast-attach-ucast-32_sniffer_20260823-080056-run08.pcapng,fast-attach-ucast-32_sniffer_20260823-080056-run08.pcapng,20260823-080056-run08,99,1787465082.711970000,"Aug 23, 2026 08:04:42.711970000 CEST",31,wpan-tap,0x0002,157,,,,,,,,,,,,,,,,,,,
/home/ewout/.openclaw/workspace-softwaredeveloper/ESPHome-Thread-ED-Switch-Parent/testing/logs/fast-attach-ucast-32-3router-20runs-20260823-070416/20260823-080056-run08/fast-attach-ucast-32_sniffer_20260823-080056-run08.pcapng,fast-attach-ucast-32_sniffer_20260823-080056-run08.pcapng,20260823-080056-run08,100,1787465082.912833000,"Aug 23, 2026 08:04:42.912833000 CEST",139,wpan-tap:6lowpan:ipv6:udp:mle,0x0001,17,d6:31:06:dc:25:0d:76:ec,6e:0c:7f:41:ca:71:76:43,,,,0x8f28,fe80::d431:6dc:250d:76ec,fe80::6c0c:7f41:ca71:7643,19788,19788,10,0|11|5|8|4|3|16|15|18,,,,,15b8722a60a7c0c8,d12923d997de07c9,Parent Response
/home/ewout/.openclaw/workspace-softwaredeveloper/ESPHome-Thread-ED-Switch-Parent/testing/logs/fast-attach-ucast-32-3router-20runs-20260823-070416/20260823-080056-run08/fast-attach-ucast-32_sniffer_20260823-080056-run08.pcapng,fast-attach-ucast-32_sniffer_20260823-080056-run08.pcapng,20260823-080056-run08,101,1787465082.916841000,"Aug 23, 2026 08:04:42.916841000 CEST",31,wpan-tap,0x0002,17,,,,,,,,,,,,,,,,,,,
/home/ewout/.openclaw/workspace-softwaredeveloper/ESPHome-Thread-ED-Switch-Parent/testing/logs/fast-attach-ucast-32-3router-20runs-20260823-070416/20260823-080056-run08/fast-attach-ucast-32_sniffer_20260823-080056-run08.pcapng,fast-attach-ucast-32_sniffer_20260823-080056-run08.pcapng,20260823-080056-run08,102,1787465083.022782000,"Aug 23, 2026 08:04:43.022782000 CEST",139,wpan-tap:6lowpan:ipv6:udp:mle,0x0001,22,22:cb:5f:d7:e6:4d:95:e7,6e:0c:7f:41:ca:71:76:43,,,,0x8f28,fe80::20cb:5fd7:e64d:95e7,fe80::6c0c:7f41:ca71:7643,19788,19788,10,0|11|5|8|4|3|16|15|18,,,,,0ab3bc4d00d66f48,d12923d997de07c9,Parent Response
/home/ewout/.openclaw/workspace-softwaredeveloper/ESPHome-Thread-ED-Switch-Parent/testing/logs/fast-attach-ucast-32-3router-20runs-20260823-070416/20260823-080056-run08/fast-attach-ucast-32_sniffer_20260823-080056-run08.pcapng,fast-attach-ucast-32_sniffer_20260823-080056-run08.pcapng,20260823-080056-run08,103,1787465083.026790000,"Aug 23, 2026 08:04:43.026790000 CEST",31,wpan-tap,0x0002,22,,,,,,,,,,,,,,,,,,,
/home/ewout/.openclaw/workspace-softwaredeveloper/ESPHome-Thread-ED-Switch-Parent/testing/logs/fast-attach-ucast-32-3router-20runs-20260823-070416/20260823-080056-run08/fast-attach-ucast-32_sniffer_20260823-080056-run08.pcapng,fast-attach-ucast-32_sniffer_20260823-080056-run08.pcapng,20260823-080056-run08,104,1787465083.431768000,"Aug 23, 2026 08:04:43.431768000 CEST",134,wpan-tap:6lowpan:ipv6:udp:mle,0x0001,50,6e:0c:7f:41:ca:71:76:43,ea:b0:38:9d:da:71:bb:13,,,,0x8f28,fe80::6c0c:7f41:ca71:7643,fe80::e8b0:389d:da71:bb13,19788,19788,11,4|5|8|1|2|18|19|13|10|12|22,,,,,,f9fa09c7b2a470ea,Child ID Request
/home/ewout/.openclaw/workspace-softwaredeveloper/ESPHome-Thread-ED-Switch-Parent/testing/logs/fast-attach-ucast-32-3router-20runs-20260823-070416/20260823-080056-run08/fast-attach-ucast-32_sniffer_20260823-080056-run08.pcapng,fast-attach-ucast-32_sniffer_20260823-080056-run08.pcapng,20260823-080056-run08,105,1787465083.435616000,"Aug 23, 2026 08:04:43.435616000 CEST",31,wpan-tap,0x0002,50,,,,,,,,,,,,,,,,,,,
/home/ewout/.openclaw/workspace-softwaredeveloper/ESPHome-Thread-ED-Switch-Parent/testing/logs/fast-attach-ucast-32-3router-20runs-20260823-070416/20260823-080056-run08/fast-attach-ucast-32_sniffer_20260823-080056-run08.pcapng,fast-attach-ucast-32_sniffer_20260823-080056-run08.pcapng,20260823-080056-run08,106,1787465083.445017000,"Aug 23, 2026 08:04:43.445017000 CEST",106,wpan-tap:6lowpan:ipv6:udp:mle,0x0001,158,ea:b0:38:9d:da:71:bb:13,6e:0c:7f:41:ca:71:76:43,,,,0x8f28,fe80::e8b0:389d:da71:bb13,fe80::6c0c:7f41:ca71:7643,19788,19788,12,0|11|22|10|12|19,,,,,,,Child ID Response
/home/ewout/.openclaw/workspace-softwaredeveloper/ESPHome-Thread-ED-Switch-Parent/testing/logs/fast-attach-ucast-32-3router-20runs-20260823-070416/20260823-080056-run08/fast-attach-ucast-32_sniffer_20260823-080056-run08.pcapng,fast-attach-ucast-32_sniffer_20260823-080056-run08.pcapng,20260823-080056-run08,107,1787465083.447968000,"Aug 23, 2026 08:04:43.447968000 CEST",31,wpan-tap,0x0002,158,,,,,,,,,,,,,,,,,,,
/home/ewout/.openclaw/workspace-softwaredeveloper/ESPHome-Thread-ED-Switch-Parent/testing/logs/fast-attach-ucast-32-3router-20runs-20260823-070416/20260823-080056-run08/fast-attach-ucast-32_sniffer_20260823-080056-run08.pcapng,fast-attach-ucast-32_sniffer_20260823-080056-run08.pcapng,20260823-080056-run08,108,1787465086.215126000,"Aug 23, 2026 08:04:46.215126000 CEST",97,wpan-tap:6lowpan:ipv6:udp:mle,0x0001,159,ea:b0:38:9d:da:71:bb:13,,,0xffff,,0x8f28,fe80::e8b0:389d:da71:bb13,ff02::1,19788,19788,4,0|11|9,,,,,,,
/home/ewout/.openclaw/workspace-softwaredeveloper/ESPHome-Thread-ED-Switch-Parent/testing/logs/fast-attach-ucast-32-3router-20runs-20260823-070416/20260823-080056-run08/fast-attach-ucast-32_sniffer_20260823-080056-run08.pcapng,fast-attach-ucast-32_sniffer_20260823-080056-run08.pcapng,20260823-080056-run08,109,1787465087.259914000,"Aug 23, 2026 08:04:47.259914000 CEST",94,wpan-tap:6lowpan:ipv6:udp:mle,0x0001,51,6e:0c:7f:41:ca:71:76:43,22:cb:5f:d7:e6:4d:95:e7,,,,0x8f28,fe80::6c0c:7f41:ca71:7643,fe80::20cb:5fd7:e64d:95e7,19788,19788,9,1|3|14|18,,,,,77b5d4705c67067d,,Parent Request
/home/ewout/.openclaw/workspace-softwaredeveloper/ESPHome-Thread-ED-Switch-Parent/testing/logs/fast-attach-ucast-32-3router-20runs-20260823-070416/20260823-080056-run08/fast-attach-ucast-32_sniffer_20260823-080056-run08.pcapng,fast-attach-ucast-32_sniffer_20260823-080056-run08.pcapng,20260823-080056-run08,110,1787465087.262482000,"Aug 23, 2026 08:04:47.262482000 CEST",31,wpan-tap,0x0002,51,,,,,,,,,,,,,,,,,,,
/home/ewout/.openclaw/workspace-softwaredeveloper/ESPHome-Thread-ED-Switch-Parent/testing/logs/fast-attach-ucast-32-3router-20runs-20260823-070416/20260823-080056-run08/fast-attach-ucast-32_sniffer_20260823-080056-run08.pcapng,fast-attach-ucast-32_sniffer_20260823-080056-run08.pcapng,20260823-080056-run08,111,1787465087.285952000,"Aug 23, 2026 08:04:47.285952000 CEST",139,wpan-tap:6lowpan:ipv6:udp:mle,0x0001,23,22:cb:5f:d7:e6:4d:95:e7,6e:0c:7f:41:ca:71:76:43,,,,0x8f28,fe80::20cb:5fd7:e64d:95e7,fe80::6c0c:7f41:ca71:7643,19788,19788,10,0|11|5|8|4|3|16|15|18,,,,,c4c71a54e8dd0e81,77b5d4705c67067d,Parent Response
/home/ewout/.openclaw/workspace-softwaredeveloper/ESPHome-Thread-ED-Switch-Parent/testing/logs/fast-attach-ucast-32-3router-20runs-20260823-070416/20260823-080056-run08/fast-attach-ucast-32_sniffer_20260823-080056-run08.pcapng,fast-attach-ucast-32_sniffer_20260823-080056-run08.pcapng,20260823-080056-run08,112,1787465087.289960000,"Aug 23, 2026 08:04:47.289960000 CEST",31,wpan-tap,0x0002,23,,,,,,,,,,,,,,,,,,,
/home/ewout/.openclaw/workspace-softwaredeveloper/ESPHome-Thread-ED-Switch-Parent/testing/logs/fast-attach-ucast-32-3router-20runs-20260823-070416/20260823-080056-run08/fast-attach-ucast-32_sniffer_20260823-080056-run08.pcapng,fast-attach-ucast-32_sniffer_20260823-080056-run08.pcapng,20260823-080056-run08,113,1787465087.296923000,"Aug 23, 2026 08:04:47.296923000 CEST",134,wpan-tap:6lowpan:ipv6:udp:mle,0x0001,52,6e:0c:7f:41:ca:71:76:43,22:cb:5f:d7:e6:4d:95:e7,,,,0x8f28,fe80::6c0c:7f41:ca71:7643,fe80::20cb:5fd7:e64d:95e7,19788,19788,11,4|5|8|1|2|18|19|13|10|12|22,,,,,,c4c71a54e8dd0e81,Child ID Request
/home/ewout/.openclaw/workspace-softwaredeveloper/ESPHome-Thread-ED-Switch-Parent/testing/logs/fast-attach-ucast-32-3router-20runs-20260823-070416/20260823-080056-run08/fast-attach-ucast-32_sniffer_20260823-080056-run08.pcapng,fast-attach-ucast-32_sniffer_20260823-080056-run08.pcapng,20260823-080056-run08,114,1787465087.300770000,"Aug 23, 2026 08:04:47.300770000 CEST",31,wpan-tap,0x0002,52,,,,,,,,,,,,,,,,,,,
/home/ewout/.openclaw/workspace-softwaredeveloper/ESPHome-Thread-ED-Switch-Parent/testing/logs/fast-attach-ucast-32-3router-20runs-20260823-070416/20260823-080056-run08/fast-attach-ucast-32_sniffer_20260823-080056-run08.pcapng,fast-attach-ucast-32_sniffer_20260823-080056-run08.pcapng,20260823-080056-run08,115,1787465087.309194000,"Aug 23, 2026 08:04:47.309194000 CEST",106,wpan-tap:6lowpan:ipv6:udp:mle,0x0001,24,22:cb:5f:d7:e6:4d:95:e7,6e:0c:7f:41:ca:71:76:43,,,,0x8f28,fe80::20cb:5fd7:e64d:95e7,fe80::6c0c:7f41:ca71:7643,19788,19788,12,0|11|22|10|12|19,,,,,,,Child ID Response
/home/ewout/.openclaw/workspace-softwaredeveloper/ESPHome-Thread-ED-Switch-Parent/testing/logs/fast-attach-ucast-32-3router-20runs-20260823-070416/20260823-080056-run08/fast-attach-ucast-32_sniffer_20260823-080056-run08.pcapng,fast-attach-ucast-32_sniffer_20260823-080056-run08.pcapng,20260823-080056-run08,116,1787465087.312146000,"Aug 23, 2026 08:04:47.312146000 CEST",31,wpan-tap,0x0002,24,,,,,,,,,,,,,,,,,,,
/home/ewout/.openclaw/workspace-softwaredeveloper/ESPHome-Thread-ED-Switch-Parent/testing/logs/fast-attach-ucast-32-3router-20runs-20260823-070416/20260823-080056-run08/fast-attach-ucast-32_sniffer_20260823-080056-run08.pcapng,fast-attach-ucast-32_sniffer_20260823-080056-run08.pcapng,20260823-080056-run08,117,1787465087.327924000,"Aug 23, 2026 08:04:47.327924000 CEST",60,wpan-tap:6lowpan:ipv6,0x0001,53,6e:0c:7f:41:ca:71:76:43,,0x1803,0x1800,,0x8f28,::6cab:79da:e972:1e75,::ff:fe00:5c00,,,,,,,,,,,
/home/ewout/.openclaw/workspace-softwaredeveloper/ESPHome-Thread-ED-Switch-Parent/testing/logs/fast-attach-ucast-32-3router-20runs-20260823-070416/20260823-080056-run08/fast-attach-ucast-32_sniffer_20260823-080056-run08.pcapng,fast-attach-ucast-32_sniffer_20260823-080056-run08.pcapng,20260823-080056-run08,118,1787465087.329403000,"Aug 23, 2026 08:04:47.329403000 CEST",31,wpan-tap,0x0002,53,,,,,,,,,,,,,,,,,,,
/home/ewout/.openclaw/workspace-softwaredeveloper/ESPHome-Thread-ED-Switch-Parent/testing/logs/fast-attach-ucast-32-3router-20runs-20260823-070416/20260823-080056-run08/fast-attach-ucast-32_sniffer_20260823-080056-run08.pcapng,fast-attach-ucast-32_sniffer_20260823-080056-run08.pcapng,20260823-080056-run08,119,1787465087.333993000,"Aug 23, 2026 08:04:47.333993000 CEST",59,wpan-tap:6lowpan:ipv6,0x0001,25,22:cb:5f:d7:e6:4d:95:e7,,0x1800,0x5c00,,0x8f28,::6cab:79da:e972:1e75,::ff:fe00:5c00,,,,,,,,,,,
/home/ewout/.openclaw/workspace-softwaredeveloper/ESPHome-Thread-ED-Switch-Parent/testing/logs/fast-attach-ucast-32-3router-20runs-20260823-070416/20260823-080056-run08/fast-attach-ucast-32_sniffer_20260823-080056-run08.pcapng,fast-attach-ucast-32_sniffer_20260823-080056-run08.pcapng,20260823-080056-run08,120,1787465087.335441000,"Aug 23, 2026 08:04:47.335441000 CEST",31,wpan-tap,0x0002,25,,,,,,,,,,,,,,,,,,,
/home/ewout/.openclaw/workspace-softwaredeveloper/ESPHome-Thread-ED-Switch-Parent/testing/logs/fast-attach-ucast-32-3router-20runs-20260823-070416/20260823-080056-run08/fast-attach-ucast-32_sniffer_20260823-080056-run08.pcapng,fast-attach-ucast-32_sniffer_20260823-080056-run08.pcapng,20260823-080056-run08,121,1787465088.978130000,"Aug 23, 2026 08:04:48.978130000 CEST",97,wpan-tap:6lowpan:ipv6:udp:mle,0x0001,18,d6:31:06:dc:25:0d:76:ec,,,0xffff,,0x8f28,fe80::d431:6dc:250d:76ec,ff02::1,19788,19788,4,0|11|9,,,,,,,
/home/ewout/.openclaw/workspace-softwaredeveloper/ESPHome-Thread-ED-Switch-Parent/testing/logs/fast-attach-ucast-32-3router-20runs-20260823-070416/20260823-080056-run08/fast-attach-ucast-32_sniffer_20260823-080056-run08.pcapng,fast-attach-ucast-32_sniffer_20260823-080056-run08.pcapng,20260823-080056-run08,122,1787465089.178032000,"Aug 23, 2026 08:04:49.178032000 CEST",97,wpan-tap:6lowpan:ipv6:udp:mle,0x0001,26,22:cb:5f:d7:e6:4d:95:e7,,,0xffff,,0x8f28,fe80::20cb:5fd7:e64d:95e7,ff02::1,19788,19788,4,0|11|9,,,,,,,
/home/ewout/.openclaw/workspace-softwaredeveloper/ESPHome-Thread-ED-Switch-Parent/testing/logs/fast-attach-ucast-32-3router-20runs-20260823-070416/20260823-080056-run08/fast-attach-ucast-32_sniffer_20260823-080056-run08.pcapng,fast-attach-ucast-32_sniffer_20260823-080056-run08.pcapng,20260823-080056-run08,123,1787465095.714257000,"Aug 23, 2026 08:04:55.714257000 CEST",97,wpan-tap:6lowpan:ipv6:udp:mle,0x0001,19,d6:31:06:dc:25:0d:76:ec,,,0xffff,,0x8f28,fe80::d431:6dc:250d:76ec,ff02::1,19788,19788,4,0|11|9,,,,,,,
/home/ewout/.openclaw/workspace-softwaredeveloper/ESPHome-Thread-ED-Switch-Parent/testing/logs/fast-attach-ucast-32-3router-20runs-20260823-070416/20260823-080056-run08/fast-attach-ucast-32_sniffer_20260823-080056-run08.pcapng,fast-attach-ucast-32_sniffer_20260823-080056-run08.pcapng,20260823-080056-run08,124,1787465096.485326000,"Aug 23, 2026 08:04:56.485326000 CEST",97,wpan-tap:6lowpan:ipv6:udp:mle,0x0001,27,22:cb:5f:d7:e6:4d:95:e7,,,0xffff,,0x8f28,fe80::20cb:5fd7:e64d:95e7,ff02::1,19788,19788,4,0|11|9,,,,,,,
/home/ewout/.openclaw/workspace-softwaredeveloper/ESPHome-Thread-ED-Switch-Parent/testing/logs/fast-attach-ucast-32-3router-20runs-20260823-070416/20260823-080056-run08/fast-attach-ucast-32_sniffer_20260823-080056-run08.pcapng,fast-attach-ucast-32_sniffer_20260823-080056-run08.pcapng,20260823-080056-run08,125,1787465097.535624000,"Aug 23, 2026 08:04:57.535624000 CEST",97,wpan-tap:6lowpan:ipv6:udp:mle,0x0001,160,ea:b0:38:9d:da:71:bb:13,,,0xffff,,0x8f28,fe80::e8b0:389d:da71:bb13,ff02::1,19788,19788,4,0|11|9,,,,,,,
/home/ewout/.openclaw/workspace-softwaredeveloper/ESPHome-Thread-ED-Switch-Parent/testing/logs/fast-attach-ucast-32-3router-20runs-20260823-070416/20260823-080056-run08/fast-attach-ucast-32_sniffer_20260823-080056-run08.pcapng,fast-attach-ucast-32_sniffer_20260823-080056-run08.pcapng,20260823-080056-run08,126,1787465109.835168000,"Aug 23, 2026 08:05:09.835168000 CEST",97,wpan-tap:6lowpan:ipv6:udp:mle,0x0001,161,ea:b0:38:9d:da:71:bb:13,,,0xffff,,0x8f28,fe80::e8b0:389d:da71:bb13,ff02::1,19788,19788,4,0|11|9,,,,,,,
/home/ewout/.openclaw/workspace-softwaredeveloper/ESPHome-Thread-ED-Switch-Parent/testing/logs/fast-attach-ucast-32-3router-20runs-20260823-070416/20260823-080056-run08/fast-attach-ucast-32_sniffer_20260823-080056-run08.pcapng,fast-attach-ucast-32_sniffer_20260823-080056-run08.pcapng,20260823-080056-run08,127,1787465110.220987000,"Aug 23, 2026 08:05:10.220987000 CEST",97,wpan-tap:6lowpan:ipv6:udp:mle,0x0001,20,d6:31:06:dc:25:0d:76:ec,,,0xffff,,0x8f28,fe80::d431:6dc:250d:76ec,ff02::1,19788,19788,4,0|11|9,,,,,,,
/home/ewout/.openclaw/workspace-softwaredeveloper/ESPHome-Thread-ED-Switch-Parent/testing/logs/fast-attach-ucast-32-3router-20runs-20260823-070416/20260823-080056-run08/fast-attach-ucast-32_sniffer_20260823-080056-run08.pcapng,fast-attach-ucast-32_sniffer_20260823-080056-run08.pcapng,20260823-080056-run08,128,1787465113.029996000,"Aug 23, 2026 08:05:13.029996000 CEST",97,wpan-tap:6lowpan:ipv6:udp:mle,0x0001,28,22:cb:5f:d7:e6:4d:95:e7,,,0xffff,,0x8f28,fe80::20cb:5fd7:e64d:95e7,ff02::1,19788,19788,4,0|11|9,,,,,,,
/home/ewout/.openclaw/workspace-softwaredeveloper/ESPHome-Thread-ED-Switch-Parent/testing/logs/fast-attach-ucast-32-3router-20runs-20260823-070416/20260823-080056-run08/fast-attach-ucast-32_sniffer_20260823-080056-run08.pcapng,fast-attach-ucast-32_sniffer_20260823-080056-run08.pcapng,20260823-080056-run08,129,1787465120.551671000,"Aug 23, 2026 08:05:20.551671000 CEST",97,wpan-tap:6lowpan:ipv6:udp:mle,0x0001,21,d6:31:06:dc:25:0d:76:ec,,,0xffff,,0x8f28,fe80::d431:6dc:250d:76ec,ff02::1,19788,19788,4,0|11|9,,,,,,,
/home/ewout/.openclaw/workspace-softwaredeveloper/ESPHome-Thread-ED-Switch-Parent/testing/logs/fast-attach-ucast-32-3router-20runs-20260823-070416/20260823-080056-run08/fast-attach-ucast-32_sniffer_20260823-080056-run08.pcapng,fast-attach-ucast-32_sniffer_20260823-080056-run08.pcapng,20260823-080056-run08,130,1787465121.610347000,"Aug 23, 2026 08:05:21.610347000 CEST",97,wpan-tap:6lowpan:ipv6:udp:mle,0x0001,29,22:cb:5f:d7:e6:4d:95:e7,,,0xffff,,0x8f28,fe80::20cb:5fd7:e64d:95e7,ff02::1,19788,19788,4,0|11|9,,,,,,,
/home/ewout/.openclaw/workspace-softwaredeveloper/ESPHome-Thread-ED-Switch-Parent/testing/logs/fast-attach-ucast-32-3router-20runs-20260823-070416/20260823-080056-run08/fast-attach-ucast-32_sniffer_20260823-080056-run08.pcapng,fast-attach-ucast-32_sniffer_20260823-080056-run08.pcapng,20260823-080056-run08,131,1787465122.591730000,"Aug 23, 2026 08:05:22.591730000 CEST",97,wpan-tap:6lowpan:ipv6:udp:mle,0x0001,162,ea:b0:38:9d:da:71:bb:13,,,0xffff,,0x8f28,fe80::e8b0:389d:da71:bb13,ff02::1,19788,19788,4,0|11|9,,,,,,,
/home/ewout/.openclaw/workspace-softwaredeveloper/ESPHome-Thread-ED-Switch-Parent/testing/logs/fast-attach-ucast-32-3router-20runs-20260823-070416/20260823-080056-run08/fast-attach-ucast-32_sniffer_20260823-080056-run08.pcapng,fast-attach-ucast-32_sniffer_20260823-080056-run08.pcapng,20260823-080056-run08,132,1787465131.642988000,"Aug 23, 2026 08:05:31.642988000 CEST",97,wpan-tap:6lowpan:ipv6:udp:mle,0x0001,22,d6:31:06:dc:25:0d:76:ec,,,0xffff,,0x8f28,fe80::d431:6dc:250d:76ec,ff02::1,19788,19788,4,0|11|9,,,,,,,
/home/ewout/.openclaw/workspace-softwaredeveloper/ESPHome-Thread-ED-Switch-Parent/testing/logs/fast-attach-ucast-32-3router-20runs-20260823-070416/20260823-080056-run08/fast-attach-ucast-32_sniffer_20260823-080056-run08.pcapng,fast-attach-ucast-32_sniffer_20260823-080056-run08.pcapng,20260823-080056-run08,133,1787465131.869768000,"Aug 23, 2026 08:05:31.869768000 CEST",97,wpan-tap:6lowpan:ipv6:udp:mle,0x0001,30,22:cb:5f:d7:e6:4d:95:e7,,,0xffff,,0x8f28,fe80::20cb:5fd7:e64d:95e7,ff02::1,19788,19788,4,0|11|9,,,,,,,
/home/ewout/.openclaw/workspace-softwaredeveloper/ESPHome-Thread-ED-Switch-Parent/testing/logs/fast-attach-ucast-32-3router-20runs-20260823-070416/20260823-080056-run08/fast-attach-ucast-32_sniffer_20260823-080056-run08.pcapng,fast-attach-ucast-32_sniffer_20260823-080056-run08.pcapng,20260823-080056-run08,134,1787465132.832004000,"Aug 23, 2026 08:05:32.832004000 CEST",97,wpan-tap:6lowpan:ipv6:udp:mle,0x0001,163,ea:b0:38:9d:da:71:bb:13,,,0xffff,,0x8f28,fe80::e8b0:389d:da71:bb13,ff02::1,19788,19788,4,0|11|9,,,,,,,
/home/ewout/.openclaw/workspace-softwaredeveloper/ESPHome-Thread-ED-Switch-Parent/testing/logs/fast-attach-ucast-32-3router-20runs-20260823-070416/20260823-080056-run08/fast-attach-ucast-32_sniffer_20260823-080056-run08.pcapng,fast-attach-ucast-32_sniffer_20260823-080056-run08.pcapng,20260823-080056-run08,135,1787465143.781247000,"Aug 23, 2026 08:05:43.781247000 CEST",97,wpan-tap:6lowpan:ipv6:udp:mle,0x0001,31,22:cb:5f:d7:e6:4d:95:e7,,,0xffff,,0x8f28,fe80::20cb:5fd7:e64d:95e7,ff02::1,19788,19788,4,0|11|9,,,,,,,
/home/ewout/.openclaw/workspace-softwaredeveloper/ESPHome-Thread-ED-Switch-Parent/testing/logs/fast-attach-ucast-32-3router-20runs-20260823-070416/20260823-080056-run08/fast-attach-ucast-32_sniffer_20260823-080056-run08.pcapng,fast-attach-ucast-32_sniffer_20260823-080056-run08.pcapng,20260823-080056-run08,136,1787465145.703757000,"Aug 23, 2026 08:05:45.703757000 CEST",97,wpan-tap:6lowpan:ipv6:udp:mle,0x0001,164,ea:b0:38:9d:da:71:bb:13,,,0xffff,,0x8f28,fe80::e8b0:389d:da71:bb13,ff02::1,19788,19788,4,0|11|9,,,,,,,
/home/ewout/.openclaw/workspace-softwaredeveloper/ESPHome-Thread-ED-Switch-Parent/testing/logs/fast-attach-ucast-32-3router-20runs-20260823-070416/20260823-080056-run08/fast-attach-ucast-32_sniffer_20260823-080056-run08.pcapng,fast-attach-ucast-32_sniffer_20260823-080056-run08.pcapng,20260823-080056-run08,137,1787465146.111923000,"Aug 23, 2026 08:05:46.111923000 CEST",97,wpan-tap:6lowpan:ipv6:udp:mle,0x0001,23,d6:31:06:dc:25:0d:76:ec,,,0xffff,,0x8f28,fe80::d431:6dc:250d:76ec,ff02::1,19788,19788,4,0|11|9,,,,,,,
/home/ewout/.openclaw/workspace-softwaredeveloper/ESPHome-Thread-ED-Switch-Parent/testing/logs/fast-attach-ucast-32-3router-20runs-20260823-070416/20260823-080056-run08/fast-attach-ucast-32_sniffer_20260823-080056-run08.pcapng,fast-attach-ucast-32_sniffer_20260823-080056-run08.pcapng,20260823-080056-run08,138,1787465157.521805000,"Aug 23, 2026 08:05:57.521805000 CEST",97,wpan-tap:6lowpan:ipv6:udp:mle,0x0001,32,22:cb:5f:d7:e6:4d:95:e7,,,0xffff,,0x8f28,fe80::20cb:5fd7:e64d:95e7,ff02::1,19788,19788,4,0|11|9,,,,,,,
/home/ewout/.openclaw/workspace-softwaredeveloper/ESPHome-Thread-ED-Switch-Parent/testing/logs/fast-attach-ucast-32-3router-20runs-20260823-070416/20260823-080056-run08/fast-attach-ucast-32_sniffer_20260823-080056-run08.pcapng,fast-attach-ucast-32_sniffer_20260823-080056-run08.pcapng,20260823-080056-run08,139,1787465157.567287000,"Aug 23, 2026 08:05:57.567287000 CEST",97,wpan-tap:6lowpan:ipv6:udp:mle,0x0001,165,ea:b0:38:9d:da:71:bb:13,,,0xffff,,0x8f28,fe80::e8b0:389d:da71:bb13,ff02::1,19788,19788,4,0|11|9,,,,,,,
/home/ewout/.openclaw/workspace-softwaredeveloper/ESPHome-Thread-ED-Switch-Parent/testing/logs/fast-attach-ucast-32-3router-20runs-20260823-070416/20260823-080056-run08/fast-attach-ucast-32_sniffer_20260823-080056-run08.pcapng,fast-attach-ucast-32_sniffer_20260823-080056-run08.pcapng,20260823-080056-run08,140,1787465158.005501000,"Aug 23, 2026 08:05:58.005501000 CEST",97,wpan-tap:6lowpan:ipv6:udp:mle,0x0001,24,d6:31:06:dc:25:0d:76:ec,,,0xffff,,0x8f28,fe80::d431:6dc:250d:76ec,ff02::1,19788,19788,4,0|11|9,,,,,,,
/home/ewout/.openclaw/workspace-softwaredeveloper/ESPHome-Thread-ED-Switch-Parent/testing/logs/fast-attach-ucast-32-3router-20runs-20260823-070416/20260823-080056-run08/fast-attach-ucast-32_sniffer_20260823-080056-run08.pcapng,fast-attach-ucast-32_sniffer_20260823-080056-run08.pcapng,20260823-080056-run08,141,1787465168.418769000,"Aug 23, 2026 08:06:08.418769000 CEST",97,wpan-tap:6lowpan:ipv6:udp:mle,0x0001,166,ea:b0:38:9d:da:71:bb:13,,,0xffff,,0x8f28,fe80::e8b0:389d:da71:bb13,ff02::1,19788,19788,4,0|11|9,,,,,,,
/home/ewout/.openclaw/workspace-softwaredeveloper/ESPHome-Thread-ED-Switch-Parent/testing/logs/fast-attach-ucast-32-3router-20runs-20260823-070416/20260823-080056-run08/fast-attach-ucast-32_sniffer_20260823-080056-run08.pcapng,fast-attach-ucast-32_sniffer_20260823-080056-run08.pcapng,20260823-080056-run08,142,1787465169.525067000,"Aug 23, 2026 08:06:09.525067000 CEST",97,wpan-tap:6lowpan:ipv6:udp:mle,0x0001,25,d6:31:06:dc:25:0d:76:ec,,,0xffff,,0x8f28,fe80::d431:6dc:250d:76ec,ff02::1,19788,19788,4,0|11|9,,,,,,,
/home/ewout/.openclaw/workspace-softwaredeveloper/ESPHome-Thread-ED-Switch-Parent/testing/logs/fast-attach-ucast-32-3router-20runs-20260823-070416/20260823-080056-run08/fast-attach-ucast-32_sniffer_20260823-080056-run08.pcapng,fast-attach-ucast-32_sniffer_20260823-080056-run08.pcapng,20260823-080056-run08,143,1787465171.014362000,"Aug 23, 2026 08:06:11.014362000 CEST",97,wpan-tap:6lowpan:ipv6:udp:mle,0x0001,33,22:cb:5f:d7:e6:4d:95:e7,,,0xffff,,0x8f28,fe80::20cb:5fd7:e64d:95e7,ff02::1,19788,19788,4,0|11|9,,,,,,,
/home/ewout/.openclaw/workspace-softwaredeveloper/ESPHome-Thread-ED-Switch-Parent/testing/logs/fast-attach-ucast-32-3router-20runs-20260823-070416/20260823-080056-run08/fast-attach-ucast-32_sniffer_20260823-080056-run08.pcapng,fast-attach-ucast-32_sniffer_20260823-080056-run08.pcapng,20260823-080056-run08,144,1787465179.988552000,"Aug 23, 2026 08:06:19.988552000 CEST",97,wpan-tap:6lowpan:ipv6:udp:mle,0x0001,34,22:cb:5f:d7:e6:4d:95:e7,,,0xffff,,0x8f28,fe80::20cb:5fd7:e64d:95e7,ff02::1,19788,19788,4,0|11|9,,,,,,,
/home/ewout/.openclaw/workspace-softwaredeveloper/ESPHome-Thread-ED-Switch-Parent/testing/logs/fast-attach-ucast-32-3router-20runs-20260823-070416/20260823-080056-run08/fast-attach-ucast-32_sniffer_20260823-080056-run08.pcapng,fast-attach-ucast-32_sniffer_20260823-080056-run08.pcapng,20260823-080056-run08,145,1787465180.498367000,"Aug 23, 2026 08:06:20.498367000 CEST",97,wpan-tap:6lowpan:ipv6:udp:mle,0x0001,26,d6:31:06:dc:25:0d:76:ec,,,0xffff,,0x8f28,fe80::d431:6dc:250d:76ec,ff02::1,19788,19788,4,0|11|9,,,,,,,
/home/ewout/.openclaw/workspace-softwaredeveloper/ESPHome-Thread-ED-Switch-Parent/testing/logs/fast-attach-ucast-32-3router-20runs-20260823-070416/20260823-080056-run08/fast-attach-ucast-32_sniffer_20260823-080056-run08.pcapng,fast-attach-ucast-32_sniffer_20260823-080056-run08.pcapng,20260823-080056-run08,146,1787465180.909310000,"Aug 23, 2026 08:06:20.909310000 CEST",97,wpan-tap:6lowpan:ipv6:udp:mle,0x0001,167,ea:b0:38:9d:da:71:bb:13,,,0xffff,,0x8f28,fe80::e8b0:389d:da71:bb13,ff02::1,19788,19788,4,0|11|9,,,,,,,
/home/ewout/.openclaw/workspace-softwaredeveloper/ESPHome-Thread-ED-Switch-Parent/testing/logs/fast-attach-ucast-32-3router-20runs-20260823-070416/20260823-080056-run08/fast-attach-ucast-32_sniffer_20260823-080056-run08.pcapng,fast-attach-ucast-32_sniffer_20260823-080056-run08.pcapng,20260823-080056-run08,147,1787465193.831037000,"Aug 23, 2026 08:06:33.831037000 CEST",97,wpan-tap:6lowpan:ipv6:udp:mle,0x0001,27,d6:31:06:dc:25:0d:76:ec,,,0xffff,,0x8f28,fe80::d431:6dc:250d:76ec,ff02::1,19788,19788,4,0|11|9,,,,,,,
/home/ewout/.openclaw/workspace-softwaredeveloper/ESPHome-Thread-ED-Switch-Parent/testing/logs/fast-attach-ucast-32-3router-20runs-20260823-070416/20260823-080056-run08/fast-attach-ucast-32_sniffer_20260823-080056-run08.pcapng,fast-attach-ucast-32_sniffer_20260823-080056-run08.pcapng,20260823-080056-run08,148,1787465195.608372000,"Aug 23, 2026 08:06:35.608372000 CEST",97,wpan-tap:6lowpan:ipv6:udp:mle,0x0001,35,22:cb:5f:d7:e6:4d:95:e7,,,0xffff,,0x8f28,fe80::20cb:5fd7:e64d:95e7,ff02::1,19788,19788,4,0|11|9,,,,,,,
/home/ewout/.openclaw/workspace-softwaredeveloper/ESPHome-Thread-ED-Switch-Parent/testing/logs/fast-attach-ucast-32-3router-20runs-20260823-070416/20260823-080056-run08/fast-attach-ucast-32_sniffer_20260823-080056-run08.pcapng,fast-attach-ucast-32_sniffer_20260823-080056-run08.pcapng,20260823-080056-run08,149,1787465196.602852000,"Aug 23, 2026 08:06:36.602852000 CEST",97,wpan-tap:6lowpan:ipv6:udp:mle,0x0001,168,ea:b0:38:9d:da:71:bb:13,,,0xffff,,0x8f28,fe80::e8b0:389d:da71:bb13,ff02::1,19788,19788,4,0|11|9,,,,,,,
/home/ewout/.openclaw/workspace-softwaredeveloper/ESPHome-Thread-ED-Switch-Parent/testing/logs/fast-attach-ucast-32-3router-20runs-20260823-070416/20260823-080056-run08/fast-attach-ucast-32_sniffer_20260823-080056-run08.pcapng,fast-attach-ucast-32_sniffer_20260823-080056-run08.pcapng,20260823-080056-run08,150,1787465206.793811000,"Aug 23, 2026 08:06:46.793811000 CEST",97,wpan-tap:6lowpan:ipv6:udp:mle,0x0001,36,22:cb:5f:d7:e6:4d:95:e7,,,0xffff,,0x8f28,fe80::20cb:5fd7:e64d:95e7,ff02::1,19788,19788,4,0|11|9,,,,,,,
/home/ewout/.openclaw/workspace-softwaredeveloper/ESPHome-Thread-ED-Switch-Parent/testing/logs/fast-attach-ucast-32-3router-20runs-20260823-070416/20260823-080056-run08/fast-attach-ucast-32_sniffer_20260823-080056-run08.pcapng,fast-attach-ucast-32_sniffer_20260823-080056-run08.pcapng,20260823-080056-run08,151,1787465207.882783000,"Aug 23, 2026 08:06:47.882783000 CEST",97,wpan-tap:6lowpan:ipv6:udp:mle,0x0001,28,d6:31:06:dc:25:0d:76:ec,,,0xffff,,0x8f28,fe80::d431:6dc:250d:76ec,ff02::1,19788,19788,4,0|11|9,,,,,,,
/home/ewout/.openclaw/workspace-softwaredeveloper/ESPHome-Thread-ED-Switch-Parent/testing/logs/fast-attach-ucast-32-3router-20runs-20260823-070416/20260823-080056-run08/fast-attach-ucast-32_sniffer_20260823-080056-run08.pcapng,fast-attach-ucast-32_sniffer_20260823-080056-run08.pcapng,20260823-080056-run08,152,1787465209.410579000,"Aug 23, 2026 08:06:49.410579000 CEST",97,wpan-tap:6lowpan:ipv6:udp:mle,0x0001,169,ea:b0:38:9d:da:71:bb:13,,,0xffff,,0x8f28,fe80::e8b0:389d:da71:bb13,ff02::1,19788,19788,4,0|11|9,,,,,,,
/home/ewout/.openclaw/workspace-softwaredeveloper/ESPHome-Thread-ED-Switch-Parent/testing/logs/fast-attach-ucast-32-3router-20runs-20260823-070416/20260823-080056-run08/fast-attach-ucast-32_sniffer_20260823-080056-run08.pcapng,fast-attach-ucast-32_sniffer_20260823-080056-run08.pcapng,20260823-080056-run08,153,1787465216.358889000,"Aug 23, 2026 08:06:56.358889000 CEST",97,wpan-tap:6lowpan:ipv6:udp:mle,0x0001,170,ea:b0:38:9d:da:71:bb:13,,,0xffff,,0x8f28,fe80::e8b0:389d:da71:bb13,ff02::1,19788,19788,4,0|11|9,,,,,,,
/home/ewout/.openclaw/workspace-softwaredeveloper/ESPHome-Thread-ED-Switch-Parent/testing/logs/fast-attach-ucast-32-3router-20runs-20260823-070416/20260823-080056-run08/fast-attach-ucast-32_sniffer_20260823-080056-run08.pcapng,fast-attach-ucast-32_sniffer_20260823-080056-run08.pcapng,20260823-080056-run08,154,1787465217.643035000,"Aug 23, 2026 08:06:57.643035000 CEST",97,wpan-tap:6lowpan:ipv6:udp:mle,0x0001,37,22:cb:5f:d7:e6:4d:95:e7,,,0xffff,,0x8f28,fe80::20cb:5fd7:e64d:95e7,ff02::1,19788,19788,4,0|11|9,,,,,,,
/home/ewout/.openclaw/workspace-softwaredeveloper/ESPHome-Thread-ED-Switch-Parent/testing/logs/fast-attach-ucast-32-3router-20runs-20260823-070416/20260823-080056-run08/fast-attach-ucast-32_sniffer_20260823-080056-run08.pcapng,fast-attach-ucast-32_sniffer_20260823-080056-run08.pcapng,20260823-080056-run08,155,1787465220.388551000,"Aug 23, 2026 08:07:00.388551000 CEST",97,wpan-tap:6lowpan:ipv6:udp:mle,0x0001,29,d6:31:06:dc:25:0d:76:ec,,,0xffff,,0x8f28,fe80::d431:6dc:250d:76ec,ff02::1,19788,19788,4,0|11|9,,,,,,,
/home/ewout/.openclaw/workspace-softwaredeveloper/ESPHome-Thread-ED-Switch-Parent/testing/logs/fast-attach-ucast-32-3router-20runs-20260823-070416/20260823-080056-run08/fast-attach-ucast-32_sniffer_20260823-080056-run08.pcapng,fast-attach-ucast-32_sniffer_20260823-080056-run08.pcapng,20260823-080056-run08,156,1787465228.344947000,"Aug 23, 2026 08:07:08.344947000 CEST",97,wpan-tap:6lowpan:ipv6:udp:mle,0x0001,30,d6:31:06:dc:25:0d:76:ec,,,0xffff,,0x8f28,fe80::d431:6dc:250d:76ec,ff02::1,19788,19788,4,0|11|9,,,,,,,
/home/ewout/.openclaw/workspace-softwaredeveloper/ESPHome-Thread-ED-Switch-Parent/testing/logs/fast-attach-ucast-32-3router-20runs-20260823-070416/20260823-080056-run08/fast-attach-ucast-32_sniffer_20260823-080056-run08.pcapng,fast-attach-ucast-32_sniffer_20260823-080056-run08.pcapng,20260823-080056-run08,157,1787465231.432809000,"Aug 23, 2026 08:07:11.432809000 CEST",97,wpan-tap:6lowpan:ipv6:udp:mle,0x0001,38,22:cb:5f:d7:e6:4d:95:e7,,,0xffff,,0x8f28,fe80::20cb:5fd7:e64d:95e7,ff02::1,19788,19788,4,0|11|9,,,,,,,
/home/ewout/.openclaw/workspace-softwaredeveloper/ESPHome-Thread-ED-Switch-Parent/testing/logs/fast-attach-ucast-32-3router-20runs-20260823-070416/20260823-080056-run08/fast-attach-ucast-32_sniffer_20260823-080056-run08.pcapng,fast-attach-ucast-32_sniffer_20260823-080056-run08.pcapng,20260823-080056-run08,158,1787465234.200675000,"Aug 23, 2026 08:07:14.200675000 CEST",97,wpan-tap:6lowpan:ipv6:udp:mle,0x0001,171,ea:b0:38:9d:da:71:bb:13,,,0xffff,,0x8f28,fe80::e8b0:389d:da71:bb13,ff02::1,19788,19788,4,0|11|9,,,,,,,
/home/ewout/.openclaw/workspace-softwaredeveloper/ESPHome-Thread-ED-Switch-Parent/testing/logs/fast-attach-ucast-32-3router-20runs-20260823-070416/20260823-080056-run08/fast-attach-ucast-32_sniffer_20260823-080056-run08.pcapng,fast-attach-ucast-32_sniffer_20260823-080056-run08.pcapng,20260823-080056-run08,159,1787465242.281040000,"Aug 23, 2026 08:07:22.281040000 CEST",97,wpan-tap:6lowpan:ipv6:udp:mle,0x0001,172,ea:b0:38:9d:da:71:bb:13,,,0xffff,,0x8f28,fe80::e8b0:389d:da71:bb13,ff02::1,19788,19788,4,0|11|9,,,,,,,
/home/ewout/.openclaw/workspace-softwaredeveloper/ESPHome-Thread-ED-Switch-Parent/testing/logs/fast-attach-ucast-32-3router-20runs-20260823-070416/20260823-080056-run08/fast-attach-ucast-32_sniffer_20260823-080056-run08.pcapng,fast-attach-ucast-32_sniffer_20260823-080056-run08.pcapng,20260823-080056-run08,160,1787465242.346258000,"Aug 23, 2026 08:07:22.346258000 CEST",97,wpan-tap:6lowpan:ipv6:udp:mle,0x0001,39,22:cb:5f:d7:e6:4d:95:e7,,,0xffff,,0x8f28,fe80::20cb:5fd7:e64d:95e7,ff02::1,19788,19788,4,0|11|9,,,,,,,
/home/ewout/.openclaw/workspace-softwaredeveloper/ESPHome-Thread-ED-Switch-Parent/testing/logs/fast-attach-ucast-32-3router-20runs-20260823-070416/20260823-080056-run08/fast-attach-ucast-32_sniffer_20260823-080056-run08.pcapng,fast-attach-ucast-32_sniffer_20260823-080056-run08.pcapng,20260823-080056-run08,161,1787465242.404624000,"Aug 23, 2026 08:07:22.404624000 CEST",97,wpan-tap:6lowpan:ipv6:udp:mle,0x0001,31,d6:31:06:dc:25:0d:76:ec,,,0xffff,,0x8f28,fe80::d431:6dc:250d:76ec,ff02::1,19788,19788,4,0|11|9,,,,,,,
/home/ewout/.openclaw/workspace-softwaredeveloper/ESPHome-Thread-ED-Switch-Parent/testing/logs/fast-attach-ucast-32-3router-20runs-20260823-070416/20260823-080056-run08/fast-attach-ucast-32_sniffer_20260823-080056-run08.pcapng,fast-attach-ucast-32_sniffer_20260823-080056-run08.pcapng,20260823-080056-run08,162,1787465252.426964000,"Aug 23, 2026 08:07:32.426964000 CEST",97,wpan-tap:6lowpan:ipv6:udp:mle,0x0001,32,d6:31:06:dc:25:0d:76:ec,,,0xffff,,0x8f28,fe80::d431:6dc:250d:76ec,ff02::1,19788,19788,4,0|11|9,,,,,,,
/home/ewout/.openclaw/workspace-softwaredeveloper/ESPHome-Thread-ED-Switch-Parent/testing/logs/fast-attach-ucast-32-3router-20runs-20260823-070416/20260823-080056-run08/fast-attach-ucast-32_sniffer_20260823-080056-run08.pcapng,fast-attach-ucast-32_sniffer_20260823-080056-run08.pcapng,20260823-080056-run08,163,1787465252.641758000,"Aug 23, 2026 08:07:32.641758000 CEST",97,wpan-tap:6lowpan:ipv6:udp:mle,0x0001,173,ea:b0:38:9d:da:71:bb:13,,,0xffff,,0x8f28,fe80::e8b0:389d:da71:bb13,ff02::1,19788,19788,4,0|11|9,,,,,,,
/home/ewout/.openclaw/workspace-softwaredeveloper/ESPHome-Thread-ED-Switch-Parent/testing/logs/fast-attach-ucast-32-3router-20runs-20260823-070416/20260823-080056-run08/fast-attach-ucast-32_sniffer_20260823-080056-run08.pcapng,fast-attach-ucast-32_sniffer_20260823-080056-run08.pcapng,20260823-080056-run08,164,1787465255.279574000,"Aug 23, 2026 08:07:35.279574000 CEST",97,wpan-tap:6lowpan:ipv6:udp:mle,0x0001,40,22:cb:5f:d7:e6:4d:95:e7,,,0xffff,,0x8f28,fe80::20cb:5fd7:e64d:95e7,ff02::1,19788,19788,4,0|11|9,,,,,,,
/home/ewout/.openclaw/workspace-softwaredeveloper/ESPHome-Thread-ED-Switch-Parent/testing/logs/fast-attach-ucast-32-3router-20runs-20260823-070416/20260823-080056-run08/fast-attach-ucast-32_sniffer_20260823-080056-run08.pcapng,fast-attach-ucast-32_sniffer_20260823-080056-run08.pcapng,20260823-080056-run08,165,1787465263.720130000,"Aug 23, 2026 08:07:43.720130000 CEST",97,wpan-tap:6lowpan:ipv6:udp:mle,0x0001,41,22:cb:5f:d7:e6:4d:95:e7,,,0xffff,,0x8f28,fe80::20cb:5fd7:e64d:95e7,ff02::1,19788,19788,4,0|11|9,,,,,,,
/home/ewout/.openclaw/workspace-softwaredeveloper/ESPHome-Thread-ED-Switch-Parent/testing/logs/fast-attach-ucast-32-3router-20runs-20260823-070416/20260823-080056-run08/fast-attach-ucast-32_sniffer_20260823-080056-run08.pcapng,fast-attach-ucast-32_sniffer_20260823-080056-run08.pcapng,20260823-080056-run08,166,1787465264.362252000,"Aug 23, 2026 08:07:44.362252000 CEST",104,wpan-tap:6lowpan:ipv6:udp:mle,0x0001,174,ea:b0:38:9d:da:71:bb:13,,,0xffff,0x8f28,0xffff,fe80::e8b0:389d:da71:bb13,ff02::1,19788,19788,15,20|22|21,,,,,,,
/home/ewout/.openclaw/workspace-softwaredeveloper/ESPHome-Thread-ED-Switch-Parent/testing/logs/fast-attach-ucast-32-3router-20runs-20260823-070416/20260823-080056-run08/fast-attach-ucast-32_sniffer_20260823-080056-run08.pcapng,fast-attach-ucast-32_sniffer_20260823-080056-run08.pcapng,20260823-080056-run08,167,1787465267.173838000,"Aug 23, 2026 08:07:47.173838000 CEST",97,wpan-tap:6lowpan:ipv6:udp:mle,0x0001,33,d6:31:06:dc:25:0d:76:ec,,,0xffff,,0x8f28,fe80::d431:6dc:250d:76ec,ff02::1,19788,19788,4,0|11|9,,,,,,,
/home/ewout/.openclaw/workspace-softwaredeveloper/ESPHome-Thread-ED-Switch-Parent/testing/logs/fast-attach-ucast-32-3router-20runs-20260823-070416/20260823-080056-run08/fast-attach-ucast-32_sniffer_20260823-080056-run08.pcapng,fast-attach-ucast-32_sniffer_20260823-080056-run08.pcapng,20260823-080056-run08,168,1787465268.916027000,"Aug 23, 2026 08:07:48.916027000 CEST",97,wpan-tap:6lowpan:ipv6:udp:mle,0x0001,175,ea:b0:38:9d:da:71:bb:13,,,0xffff,,0x8f28,fe80::e8b0:389d:da71:bb13,ff02::1,19788,19788,4,0|11|9,,,,,,,
/home/ewout/.openclaw/workspace-softwaredeveloper/ESPHome-Thread-ED-Switch-Parent/testing/logs/fast-attach-ucast-32-3router-20runs-20260823-070416/20260823-080056-run08/fast-attach-ucast-32_sniffer_20260823-080056-run08.pcapng,fast-attach-ucast-32_sniffer_20260823-080056-run08.pcapng,20260823-080056-run08,169,1787465276.045275000,"Aug 23, 2026 08:07:56.045275000 CEST",97,wpan-tap:6lowpan:ipv6:udp:mle,0x0001,34,d6:31:06:dc:25:0d:76:ec,,,0xffff,,0x8f28,fe80::d431:6dc:250d:76ec,ff02::1,19788,19788,4,0|11|9,,,,,,,
/home/ewout/.openclaw/workspace-softwaredeveloper/ESPHome-Thread-ED-Switch-Parent/testing/logs/fast-attach-ucast-32-3router-20runs-20260823-070416/20260823-080056-run08/fast-attach-ucast-32_sniffer_20260823-080056-run08.pcapng,fast-attach-ucast-32_sniffer_20260823-080056-run08.pcapng,20260823-080056-run08,170,1787465277.094373000,"Aug 23, 2026 08:07:57.094373000 CEST",97,wpan-tap:6lowpan:ipv6:udp:mle,0x0001,176,ea:b0:38:9d:da:71:bb:13,,,0xffff,,0x8f28,fe80::e8b0:389d:da71:bb13,ff02::1,19788,19788,4,0|11|9,,,,,,,
/home/ewout/.openclaw/workspace-softwaredeveloper/ESPHome-Thread-ED-Switch-Parent/testing/logs/fast-attach-ucast-32-3router-20runs-20260823-070416/20260823-080056-run08/fast-attach-ucast-32_sniffer_20260823-080056-run08.pcapng,fast-attach-ucast-32_sniffer_20260823-080056-run08.pcapng,20260823-080056-run08,171,1787465280.915655000,"Aug 23, 2026 08:08:00.915655000 CEST",97,wpan-tap:6lowpan:ipv6:udp:mle,0x0001,42,22:cb:5f:d7:e6:4d:95:e7,,,0xffff,,0x8f28,fe80::20cb:5fd7:e64d:95e7,ff02::1,19788,19788,4,0|11|9,,,,,,,
/home/ewout/.openclaw/workspace-softwaredeveloper/ESPHome-Thread-ED-Switch-Parent/testing/logs/fast-attach-ucast-32-3router-20runs-20260823-070416/20260823-080056-run08/fast-attach-ucast-32_sniffer_20260823-080056-run08.pcapng,fast-attach-ucast-32_sniffer_20260823-080056-run08.pcapng,20260823-080056-run08,172,1787465289.665930000,"Aug 23, 2026 08:08:09.665930000 CEST",97,wpan-tap:6lowpan:ipv6:udp:mle,0x0001,35,d6:31:06:dc:25:0d:76:ec,,,0xffff,,0x8f28,fe80::d431:6dc:250d:76ec,ff02::1,19788,19788,4,0|11|9,,,,,,,
/home/ewout/.openclaw/workspace-softwaredeveloper/ESPHome-Thread-ED-Switch-Parent/testing/logs/fast-attach-ucast-32-3router-20runs-20260823-070416/20260823-080056-run08/fast-attach-ucast-32_sniffer_20260823-080056-run08.pcapng,fast-attach-ucast-32_sniffer_20260823-080056-run08.pcapng,20260823-080056-run08,173,1787465291.677234000,"Aug 23, 2026 08:08:11.677234000 CEST",97,wpan-tap:6lowpan:ipv6:udp:mle,0x0001,178,ea:b0:38:9d:da:71:bb:13,,,0xffff,,0x8f28,fe80::e8b0:389d:da71:bb13,ff02::1,19788,19788,4,0|11|9,,,,,,,
/home/ewout/.openclaw/workspace-softwaredeveloper/ESPHome-Thread-ED-Switch-Parent/testing/logs/fast-attach-ucast-32-3router-20runs-20260823-070416/20260823-080056-run08/fast-attach-ucast-32_sniffer_20260823-080056-run08.pcapng,fast-attach-ucast-32_sniffer_20260823-080056-run08.pcapng,20260823-080056-run08,174,1787465292.280288000,"Aug 23, 2026 08:08:12.280288000 CEST",97,wpan-tap:6lowpan:ipv6:udp:mle,0x0001,43,22:cb:5f:d7:e6:4d:95:e7,,,0xffff,,0x8f28,fe80::20cb:5fd7:e64d:95e7,ff02::1,19788,19788,4,0|11|9,,,,,,,
/home/ewout/.openclaw/workspace-softwaredeveloper/ESPHome-Thread-ED-Switch-Parent/testing/logs/fast-attach-ucast-32-3router-20runs-20260823-070416/20260823-080056-run08/fast-attach-ucast-32_sniffer_20260823-080056-run08.pcapng,fast-attach-ucast-32_sniffer_20260823-080056-run08.pcapng,20260823-080056-run08,175,1787465299.416575000,"Aug 23, 2026 08:08:19.416575000 CEST",97,wpan-tap:6lowpan:ipv6:udp:mle,0x0001,44,22:cb:5f:d7:e6:4d:95:e7,,,0xffff,,0x8f28,fe80::20cb:5fd7:e64d:95e7,ff02::1,19788,19788,4,0|11|9,,,,,,,
/home/ewout/.openclaw/workspace-softwaredeveloper/ESPHome-Thread-ED-Switch-Parent/testing/logs/fast-attach-ucast-32-3router-20runs-20260823-070416/20260823-080056-run08/fast-attach-ucast-32_sniffer_20260823-080056-run08.pcapng,fast-attach-ucast-32_sniffer_20260823-080056-run08.pcapng,20260823-080056-run08,176,1787465302.376706000,"Aug 23, 2026 08:08:22.376706000 CEST",97,wpan-tap:6lowpan:ipv6:udp:mle,0x0001,179,ea:b0:38:9d:da:71:bb:13,,,0xffff,,0x8f28,fe80::e8b0:389d:da71:bb13,ff02::1,19788,19788,4,0|11|9,,,,,,,
/home/ewout/.openclaw/workspace-softwaredeveloper/ESPHome-Thread-ED-Switch-Parent/testing/logs/fast-attach-ucast-32-3router-20runs-20260823-070416/20260823-080056-run08/fast-attach-ucast-32_sniffer_20260823-080056-run08.pcapng,fast-attach-ucast-32_sniffer_20260823-080056-run08.pcapng,20260823-080056-run08,177,1787465304.101637000,"Aug 23, 2026 08:08:24.101637000 CEST",97,wpan-tap:6lowpan:ipv6:udp:mle,0x0001,36,d6:31:06:dc:25:0d:76:ec,,,0xffff,,0x8f28,fe80::d431:6dc:250d:76ec,ff02::1,19788,19788,4,0|11|9,,,,,,,
/home/ewout/.openclaw/workspace-softwaredeveloper/ESPHome-Thread-ED-Switch-Parent/testing/logs/fast-attach-ucast-32-3router-20runs-20260823-070416/20260823-080056-run08/fast-attach-ucast-32_sniffer_20260823-080056-run08.pcapng,fast-attach-ucast-32_sniffer_20260823-080056-run08.pcapng,20260823-080056-run08,178,1787465314.168966000,"Aug 23, 2026 08:08:34.168966000 CEST",97,wpan-tap:6lowpan:ipv6:udp:mle,0x0001,37,d6:31:06:dc:25:0d:76:ec,,,0xffff,,0x8f28,fe80::d431:6dc:250d:76ec,ff02::1,19788,19788,4,0|11|9,,,,,,,
/home/ewout/.openclaw/workspace-softwaredeveloper/ESPHome-Thread-ED-Switch-Parent/testing/logs/fast-attach-ucast-32-3router-20runs-20260823-070416/20260823-080056-run08/fast-attach-ucast-32_sniffer_20260823-080056-run08.pcapng,fast-attach-ucast-32_sniffer_20260823-080056-run08.pcapng,20260823-080056-run08,179,1787465314.862200000,"Aug 23, 2026 08:08:34.862200000 CEST",97,wpan-tap:6lowpan:ipv6:udp:mle,0x0001,45,22:cb:5f:d7:e6:4d:95:e7,,,0xffff,,0x8f28,fe80::20cb:5fd7:e64d:95e7,ff02::1,19788,19788,4,0|11|9,,,,,,,
/home/ewout/.openclaw/workspace-softwaredeveloper/ESPHome-Thread-ED-Switch-Parent/testing/logs/fast-attach-ucast-32-3router-20runs-20260823-070416/20260823-080056-run08/fast-attach-ucast-32_sniffer_20260823-080056-run08.pcapng,fast-attach-ucast-32_sniffer_20260823-080056-run08.pcapng,20260823-080056-run08,180,1787465315.379276000,"Aug 23, 2026 08:08:35.379276000 CEST",97,wpan-tap:6lowpan:ipv6:udp:mle,0x0001,181,ea:b0:38:9d:da:71:bb:13,,,0xffff,,0x8f28,fe80::e8b0:389d:da71:bb13,ff02::1,19788,19788,4,0|11|9,,,,,,,
/home/ewout/.openclaw/workspace-softwaredeveloper/ESPHome-Thread-ED-Switch-Parent/testing/logs/fast-attach-ucast-32-3router-20runs-20260823-070416/20260823-080056-run08/fast-attach-ucast-32_sniffer_20260823-080056-run08.pcapng,fast-attach-ucast-32_sniffer_20260823-080056-run08.pcapng,20260823-080056-run08,181,1787465323.312802000,"Aug 23, 2026 08:08:43.312802000 CEST",108,wpan-tap:6lowpan:ipv6:udp:mle,0x0001,54,6e:0c:7f:41:ca:71:76:43,22:cb:5f:d7:e6:4d:95:e7,,,,0x8f28,fe80::6c0c:7f41:ca71:7643,fe80::20cb:5fd7:e64d:95e7,19788,19788,13,1|0|11|2|19,,,,,,,
/home/ewout/.openclaw/workspace-softwaredeveloper/ESPHome-Thread-ED-Switch-Parent/testing/logs/fast-attach-ucast-32-3router-20runs-20260823-070416/20260823-080056-run08/fast-attach-ucast-32_sniffer_20260823-080056-run08.pcapng,fast-attach-ucast-32_sniffer_20260823-080056-run08.pcapng,20260823-080056-run08,182,1787465323.315818000,"Aug 23, 2026 08:08:43.315818000 CEST",31,wpan-tap,0x0002,54,,,,,,,,,,,,,,,,,,,
/home/ewout/.openclaw/workspace-softwaredeveloper/ESPHome-Thread-ED-Switch-Parent/testing/logs/fast-attach-ucast-32-3router-20runs-20260823-070416/20260823-080056-run08/fast-attach-ucast-32_sniffer_20260823-080056-run08.pcapng,fast-attach-ucast-32_sniffer_20260823-080056-run08.pcapng,20260823-080056-run08,183,1787465323.321568000,"Aug 23, 2026 08:08:43.321568000 CEST",102,wpan-tap:6lowpan:ipv6:udp:mle,0x0001,46,22:cb:5f:d7:e6:4d:95:e7,6e:0c:7f:41:ca:71:76:43,,,,0x8f28,fe80::20cb:5fd7:e64d:95e7,fe80::6c0c:7f41:ca71:7643,19788,19788,14,0|1|16|11|19|2,,,,,,,
/home/ewout/.openclaw/workspace-softwaredeveloper/ESPHome-Thread-ED-Switch-Parent/testing/logs/fast-attach-ucast-32-3router-20runs-20260823-070416/20260823-080056-run08/fast-attach-ucast-32_sniffer_20260823-080056-run08.pcapng,fast-attach-ucast-32_sniffer_20260823-080056-run08.pcapng,20260823-080056-run08,184,1787465323.324391000,"Aug 23, 2026 08:08:43.324391000 CEST",31,wpan-tap,0x0002,46,,,,,,,,,,,,,,,,,,,
/home/ewout/.openclaw/workspace-softwaredeveloper/ESPHome-Thread-ED-Switch-Parent/testing/logs/fast-attach-ucast-32-3router-20runs-20260823-070416/20260823-080056-run08/fast-attach-ucast-32_sniffer_20260823-080056-run08.pcapng,fast-attach-ucast-32_sniffer_20260823-080056-run08.pcapng,20260823-080056-run08,185,1787465323.414551000,"Aug 23, 2026 08:08:43.414551000 CEST",97,wpan-tap:6lowpan:ipv6:udp:mle,0x0001,47,22:cb:5f:d7:e6:4d:95:e7,,,0xffff,,0x8f28,fe80::20cb:5fd7:e64d:95e7,ff02::1,19788,19788,4,0|11|9,,,,,,,
/home/ewout/.openclaw/workspace-softwaredeveloper/ESPHome-Thread-ED-Switch-Parent/testing/logs/fast-attach-ucast-32-3router-20runs-20260823-070416/20260823-080056-run08/fast-attach-ucast-32_sniffer_20260823-080056-run08.pcapng,fast-attach-ucast-32_sniffer_20260823-080056-run08.pcapng,20260823-080056-run08,186,1787465327.328811000,"Aug 23, 2026 08:08:47.328811000 CEST",97,wpan-tap:6lowpan:ipv6:udp:mle,0x0001,182,ea:b0:38:9d:da:71:bb:13,,,0xffff,,0x8f28,fe80::e8b0:389d:da71:bb13,ff02::1,19788,19788,4,0|11|9,,,,,,,
/home/ewout/.openclaw/workspace-softwaredeveloper/ESPHome-Thread-ED-Switch-Parent/testing/logs/fast-attach-ucast-32-3router-20runs-20260823-070416/20260823-080056-run08/fast-attach-ucast-32_sniffer_20260823-080056-run08.pcapng,fast-attach-ucast-32_sniffer_20260823-080056-run08.pcapng,20260823-080056-run08,187,1787465329.241863000,"Aug 23, 2026 08:08:49.241863000 CEST",97,wpan-tap:6lowpan:ipv6:udp:mle,0x0001,38,d6:31:06:dc:25:0d:76:ec,,,0xffff,,0x8f28,fe80::d431:6dc:250d:76ec,ff02::1,19788,19788,4,0|11|9,,,,,,,
/home/ewout/.openclaw/workspace-softwaredeveloper/ESPHome-Thread-ED-Switch-Parent/testing/logs/fast-attach-ucast-32-3router-20runs-20260823-070416/20260823-080056-run08/fast-attach-ucast-32_sniffer_20260823-080056-run08.pcapng,fast-attach-ucast-32_sniffer_20260823-080056-run08.pcapng,20260823-080056-run08,188,1787465336.195074000,"Aug 23, 2026 08:08:56.195074000 CEST",97,wpan-tap:6lowpan:ipv6:udp:mle,0x0001,48,22:cb:5f:d7:e6:4d:95:e7,,,0xffff,,0x8f28,fe80::20cb:5fd7:e64d:95e7,ff02::1,19788,19788,4,0|11|9,,,,,,,
/home/ewout/.openclaw/workspace-softwaredeveloper/ESPHome-Thread-ED-Switch-Parent/testing/logs/fast-attach-ucast-32-3router-20runs-20260823-070416/20260823-080056-run08/fast-attach-ucast-32_sniffer_20260823-080056-run08.pcapng,fast-attach-ucast-32_sniffer_20260823-080056-run08.pcapng,20260823-080056-run08,189,1787465338.602142000,"Aug 23, 2026 08:08:58.602142000 CEST",97,wpan-tap:6lowpan:ipv6:udp:mle,0x0001,184,ea:b0:38:9d:da:71:bb:13,,,0xffff,,0x8f28,fe80::e8b0:389d:da71:bb13,ff02::1,19788,19788,4,0|11|9,,,,,,,
/home/ewout/.openclaw/workspace-softwaredeveloper/ESPHome-Thread-ED-Switch-Parent/testing/logs/fast-attach-ucast-32-3router-20runs-20260823-070416/20260823-080056-run08/fast-attach-ucast-32_sniffer_20260823-080056-run08.pcapng,fast-attach-ucast-32_sniffer_20260823-080056-run08.pcapng,20260823-080056-run08,190,1787465340.315406000,"Aug 23, 2026 08:09:00.315406000 CEST",97,wpan-tap:6lowpan:ipv6:udp:mle,0x0001,39,d6:31:06:dc:25:0d:76:ec,,,0xffff,,0x8f28,fe80::d431:6dc:250d:76ec,ff02::1,19788,19788,4,0|11|9,,,,,,,
