pcap,pcap_name,run_dir,frame.number,frame.time_epoch,frame.time,frame.len,frame.protocols,wpan.frame_type,wpan.seq_no,wpan.src64,wpan.dst64,wpan.src16,wpan.dst16,wpan.src_pan,wpan.dst_pan,ipv6.src,ipv6.dst,udp.srcport,udp.dstport,mle.cmd,mle.tlv.type,coap.code,coap.mid,icmpv6.type,icmpv6.code,mle.tlv.challenge,mle.tlv.response,mle.command_name
/home/ewout/.openclaw/workspace-softwaredeveloper/ESPHome-Thread-ED-Switch-Parent/testing/logs/ucast_fastpr-4router-50runs-20260628-043752/20260628-132503-run45/ucast_fastpr_sniffer_20260628-132503-run45.pcapng,ucast_fastpr_sniffer_20260628-132503-run45.pcapng,20260628-132503-run45,1,1782645936.809219000,"Jun 28, 2026 13:25:36.809219000 CEST",89,wpan-tap:6lowpan:ipv6:udp:mle,0x0001,99,46:c8:88:53:62:aa:29:75,,,0xffff,,0x8f28,fe80::44c8:8853:62aa:2975,ff02::2,19788,19788,9,1|3|14|18,,,,,9b880b29fb797a1a,,Parent Request
/home/ewout/.openclaw/workspace-softwaredeveloper/ESPHome-Thread-ED-Switch-Parent/testing/logs/ucast_fastpr-4router-50runs-20260628-043752/20260628-132503-run45/ucast_fastpr_sniffer_20260628-132503-run45.pcapng,ucast_fastpr_sniffer_20260628-132503-run45.pcapng,20260628-132503-run45,2,1782645937.561600000,"Jun 28, 2026 13:25:37.561600000 CEST",89,wpan-tap:6lowpan:ipv6:udp:mle,0x0001,100,46:c8:88:53:62:aa:29:75,,,0xffff,,0x8f28,fe80::44c8:8853:62aa:2975,ff02::2,19788,19788,9,1|3|14|18,,,,,0e1fdb70a7700685,,Parent Request
/home/ewout/.openclaw/workspace-softwaredeveloper/ESPHome-Thread-ED-Switch-Parent/testing/logs/ucast_fastpr-4router-50runs-20260628-043752/20260628-132503-run45/ucast_fastpr_sniffer_20260628-132503-run45.pcapng,ucast_fastpr_sniffer_20260628-132503-run45.pcapng,20260628-132503-run45,3,1782645938.314367000,"Jun 28, 2026 13:25:38.314367000 CEST",89,wpan-tap:6lowpan:ipv6:udp:mle,0x0001,101,46:c8:88:53:62:aa:29:75,,,0xffff,,0x8f28,fe80::44c8:8853:62aa:2975,ff02::2,19788,19788,9,1|3|14|18,,,,,1c574d1ed47ca898,,Parent Request
/home/ewout/.openclaw/workspace-softwaredeveloper/ESPHome-Thread-ED-Switch-Parent/testing/logs/ucast_fastpr-4router-50runs-20260628-043752/20260628-132503-run45/ucast_fastpr_sniffer_20260628-132503-run45.pcapng,ucast_fastpr_sniffer_20260628-132503-run45.pcapng,20260628-132503-run45,4,1782645939.569351000,"Jun 28, 2026 13:25:39.569351000 CEST",89,wpan-tap:6lowpan:ipv6:udp:mle,0x0001,102,46:c8:88:53:62:aa:29:75,,,0xffff,,0x8f28,fe80::44c8:8853:62aa:2975,ff02::2,19788,19788,9,1|3|14|18,,,,,e2cc46da75aff222,,Parent Request
/home/ewout/.openclaw/workspace-softwaredeveloper/ESPHome-Thread-ED-Switch-Parent/testing/logs/ucast_fastpr-4router-50runs-20260628-043752/20260628-132503-run45/ucast_fastpr_sniffer_20260628-132503-run45.pcapng,ucast_fastpr_sniffer_20260628-132503-run45.pcapng,20260628-132503-run45,5,1782645940.823198000,"Jun 28, 2026 13:25:40.823198000 CEST",89,wpan-tap:6lowpan:ipv6:udp:mle,0x0001,103,46:c8:88:53:62:aa:29:75,,,0xffff,,0x8f28,fe80::44c8:8853:62aa:2975,ff02::2,19788,19788,9,1|3|14|18,,,,,5604b04771f536d7,,Parent Request
/home/ewout/.openclaw/workspace-softwaredeveloper/ESPHome-Thread-ED-Switch-Parent/testing/logs/ucast_fastpr-4router-50runs-20260628-043752/20260628-132503-run45/ucast_fastpr_sniffer_20260628-132503-run45.pcapng,ucast_fastpr_sniffer_20260628-132503-run45.pcapng,20260628-132503-run45,6,1782645941.543486000,"Jun 28, 2026 13:25:41.543486000 CEST",89,wpan-tap:6lowpan:ipv6:udp:mle,0x0001,248,d6:e2:54:b8:34:e3:1a:91,,,0xffff,,0x8f28,fe80::d4e2:54b8:34e3:1a91,ff02::2,19788,19788,9,1|3|14|18,,,,,d059c9ddae141a4a,,Parent Request
/home/ewout/.openclaw/workspace-softwaredeveloper/ESPHome-Thread-ED-Switch-Parent/testing/logs/ucast_fastpr-4router-50runs-20260628-043752/20260628-132503-run45/ucast_fastpr_sniffer_20260628-132503-run45.pcapng,ucast_fastpr_sniffer_20260628-132503-run45.pcapng,20260628-132503-run45,7,1782645942.077230000,"Jun 28, 2026 13:25:42.077230000 CEST",89,wpan-tap:6lowpan:ipv6:udp:mle,0x0001,104,46:c8:88:53:62:aa:29:75,,,0xffff,,0x8f28,fe80::44c8:8853:62aa:2975,ff02::2,19788,19788,9,1|3|14|18,,,,,ce125fcba6e083d4,,Parent Request
/home/ewout/.openclaw/workspace-softwaredeveloper/ESPHome-Thread-ED-Switch-Parent/testing/logs/ucast_fastpr-4router-50runs-20260628-043752/20260628-132503-run45/ucast_fastpr_sniffer_20260628-132503-run45.pcapng,ucast_fastpr_sniffer_20260628-132503-run45.pcapng,20260628-132503-run45,8,1782645942.294126000,"Jun 28, 2026 13:25:42.294126000 CEST",89,wpan-tap:6lowpan:ipv6:udp:mle,0x0001,249,d6:e2:54:b8:34:e3:1a:91,,,0xffff,,0x8f28,fe80::d4e2:54b8:34e3:1a91,ff02::2,19788,19788,9,1|3|14|18,,,,,9b25006b25294c12,,Parent Request
/home/ewout/.openclaw/workspace-softwaredeveloper/ESPHome-Thread-ED-Switch-Parent/testing/logs/ucast_fastpr-4router-50runs-20260628-043752/20260628-132503-run45/ucast_fastpr_sniffer_20260628-132503-run45.pcapng,ucast_fastpr_sniffer_20260628-132503-run45.pcapng,20260628-132503-run45,9,1782645943.047586000,"Jun 28, 2026 13:25:43.047586000 CEST",89,wpan-tap:6lowpan:ipv6:udp:mle,0x0001,250,d6:e2:54:b8:34:e3:1a:91,,,0xffff,,0x8f28,fe80::d4e2:54b8:34e3:1a91,ff02::2,19788,19788,9,1|3|14|18,,,,,d888e35364878dd8,,Parent Request
/home/ewout/.openclaw/workspace-softwaredeveloper/ESPHome-Thread-ED-Switch-Parent/testing/logs/ucast_fastpr-4router-50runs-20260628-043752/20260628-132503-run45/ucast_fastpr_sniffer_20260628-132503-run45.pcapng,ucast_fastpr_sniffer_20260628-132503-run45.pcapng,20260628-132503-run45,12,1782645944.300028000,"Jun 28, 2026 13:25:44.300028000 CEST",89,wpan-tap:6lowpan:ipv6:udp:mle,0x0001,251,d6:e2:54:b8:34:e3:1a:91,,,0xffff,,0x8f28,fe80::d4e2:54b8:34e3:1a91,ff02::2,19788,19788,9,1|3|14|18,,,,,2a697fd7d51135d9,,Parent Request
/home/ewout/.openclaw/workspace-softwaredeveloper/ESPHome-Thread-ED-Switch-Parent/testing/logs/ucast_fastpr-4router-50runs-20260628-043752/20260628-132503-run45/ucast_fastpr_sniffer_20260628-132503-run45.pcapng,ucast_fastpr_sniffer_20260628-132503-run45.pcapng,20260628-132503-run45,13,1782645945.223359000,"Jun 28, 2026 13:25:45.223359000 CEST",139,wpan-tap:6lowpan:ipv6:udp:mle,0x0001,107,46:c8:88:53:62:aa:29:75,d6:e2:54:b8:34:e3:1a:91,,,,0x8f28,fe80::44c8:8853:62aa:2975,fe80::d4e2:54b8:34e3:1a91,19788,19788,10,0|11|5|8|4|3|16|15|18,,,,,4cc224fa443576a2,2a697fd7d51135d9,Parent Response
/home/ewout/.openclaw/workspace-softwaredeveloper/ESPHome-Thread-ED-Switch-Parent/testing/logs/ucast_fastpr-4router-50runs-20260628-043752/20260628-132503-run45/ucast_fastpr_sniffer_20260628-132503-run45.pcapng,ucast_fastpr_sniffer_20260628-132503-run45.pcapng,20260628-132503-run45,15,1782645945.554652000,"Jun 28, 2026 13:25:45.554652000 CEST",124,wpan-tap:6lowpan:ipv6:udp:mle,0x0001,252,d6:e2:54:b8:34:e3:1a:91,46:c8:88:53:62:aa:29:75,,,,0x8f28,fe80::d4e2:54b8:34e3:1a91,fe80::44c8:8853:62aa:2975,19788,19788,11,4|5|8|1|2|18|13|10|12|9|22,,,,,,4cc224fa443576a2,Child ID Request
/home/ewout/.openclaw/workspace-softwaredeveloper/ESPHome-Thread-ED-Switch-Parent/testing/logs/ucast_fastpr-4router-50runs-20260628-043752/20260628-132503-run45/ucast_fastpr_sniffer_20260628-132503-run45.pcapng,ucast_fastpr_sniffer_20260628-132503-run45.pcapng,20260628-132503-run45,17,1782645945.612626000,"Jun 28, 2026 13:25:45.612626000 CEST",122,wpan-tap:6lowpan:ipv6:udp:mle:thread_nwd:thread_meshcop,0x0001,108,46:c8:88:53:62:aa:29:75,d6:e2:54:b8:34:e3:1a:91,,,,0x8f28,fe80::44c8:8853:62aa:2975,fe80::d4e2:54b8:34e3:1a91,19788,19788,12,0|11|22|10|12|9,,,,,,,Child ID Response
/home/ewout/.openclaw/workspace-softwaredeveloper/ESPHome-Thread-ED-Switch-Parent/testing/logs/ucast_fastpr-4router-50runs-20260628-043752/20260628-132503-run45/ucast_fastpr_sniffer_20260628-132503-run45.pcapng,ucast_fastpr_sniffer_20260628-132503-run45.pcapng,20260628-132503-run45,19,1782645946.066295000,"Jun 28, 2026 13:25:46.066295000 CEST",89,wpan-tap:6lowpan:ipv6:udp:mle,0x0001,172,5e:a4:a9:0b:57:7b:fd:c2,,,0xffff,,0x8f28,fe80::5ca4:a90b:577b:fdc2,ff02::2,19788,19788,9,1|3|14|18,,,,,3186ce387347e84b,,Parent Request
/home/ewout/.openclaw/workspace-softwaredeveloper/ESPHome-Thread-ED-Switch-Parent/testing/logs/ucast_fastpr-4router-50runs-20260628-043752/20260628-132503-run45/ucast_fastpr_sniffer_20260628-132503-run45.pcapng,ucast_fastpr_sniffer_20260628-132503-run45.pcapng,20260628-132503-run45,21,1782645946.522364000,"Jun 28, 2026 13:25:46.522364000 CEST",139,wpan-tap:6lowpan:ipv6:udp:mle,0x0001,110,46:c8:88:53:62:aa:29:75,5e:a4:a9:0b:57:7b:fd:c2,,,,0x8f28,fe80::44c8:8853:62aa:2975,fe80::5ca4:a90b:577b:fdc2,19788,19788,10,0|11|5|8|4|3|16|15|18,,,,,60eca2ef8bbb9258,3186ce387347e84b,Parent Response
/home/ewout/.openclaw/workspace-softwaredeveloper/ESPHome-Thread-ED-Switch-Parent/testing/logs/ucast_fastpr-4router-50runs-20260628-043752/20260628-132503-run45/ucast_fastpr_sniffer_20260628-132503-run45.pcapng,ucast_fastpr_sniffer_20260628-132503-run45.pcapng,20260628-132503-run45,23,1782645946.815192000,"Jun 28, 2026 13:25:46.815192000 CEST",124,wpan-tap:6lowpan:ipv6:udp:mle,0x0001,173,5e:a4:a9:0b:57:7b:fd:c2,46:c8:88:53:62:aa:29:75,,,,0x8f28,fe80::5ca4:a90b:577b:fdc2,fe80::44c8:8853:62aa:2975,19788,19788,11,4|5|8|1|2|18|13|10|12|9|22,,,,,,60eca2ef8bbb9258,Child ID Request
/home/ewout/.openclaw/workspace-softwaredeveloper/ESPHome-Thread-ED-Switch-Parent/testing/logs/ucast_fastpr-4router-50runs-20260628-043752/20260628-132503-run45/ucast_fastpr_sniffer_20260628-132503-run45.pcapng,ucast_fastpr_sniffer_20260628-132503-run45.pcapng,20260628-132503-run45,25,1782645946.875108000,"Jun 28, 2026 13:25:46.875108000 CEST",122,wpan-tap:6lowpan:ipv6:udp:mle:thread_nwd:thread_meshcop,0x0001,111,46:c8:88:53:62:aa:29:75,5e:a4:a9:0b:57:7b:fd:c2,,,,0x8f28,fe80::44c8:8853:62aa:2975,fe80::5ca4:a90b:577b:fdc2,19788,19788,12,0|11|22|10|12|9,,,,,,,Child ID Response
/home/ewout/.openclaw/workspace-softwaredeveloper/ESPHome-Thread-ED-Switch-Parent/testing/logs/ucast_fastpr-4router-50runs-20260628-043752/20260628-132503-run45/ucast_fastpr_sniffer_20260628-132503-run45.pcapng,ucast_fastpr_sniffer_20260628-132503-run45.pcapng,20260628-132503-run45,28,1782645950.438823000,"Jun 28, 2026 13:25:50.438823000 CEST",89,wpan-tap:6lowpan:ipv6:udp:mle,0x0001,208,ee:82:58:b2:86:2d:de:54,,,0xffff,,0x8f28,fe80::ec82:58b2:862d:de54,ff02::2,19788,19788,9,1|3|14|18,,,,,51f8f0900c0fa26c,,Parent Request
/home/ewout/.openclaw/workspace-softwaredeveloper/ESPHome-Thread-ED-Switch-Parent/testing/logs/ucast_fastpr-4router-50runs-20260628-043752/20260628-132503-run45/ucast_fastpr_sniffer_20260628-132503-run45.pcapng,ucast_fastpr_sniffer_20260628-132503-run45.pcapng,20260628-132503-run45,29,1782645950.559642000,"Jun 28, 2026 13:25:50.559642000 CEST",139,wpan-tap:6lowpan:ipv6:udp:mle,0x0001,113,46:c8:88:53:62:aa:29:75,ee:82:58:b2:86:2d:de:54,,,,0x8f28,fe80::44c8:8853:62aa:2975,fe80::ec82:58b2:862d:de54,19788,19788,10,0|11|5|8|4|3|16|15|18,,,,,0ee479daf16cf740,51f8f0900c0fa26c,Parent Response
/home/ewout/.openclaw/workspace-softwaredeveloper/ESPHome-Thread-ED-Switch-Parent/testing/logs/ucast_fastpr-4router-50runs-20260628-043752/20260628-132503-run45/ucast_fastpr_sniffer_20260628-132503-run45.pcapng,ucast_fastpr_sniffer_20260628-132503-run45.pcapng,20260628-132503-run45,31,1782645951.190225000,"Jun 28, 2026 13:25:51.190225000 CEST",124,wpan-tap:6lowpan:ipv6:udp:mle,0x0001,209,ee:82:58:b2:86:2d:de:54,46:c8:88:53:62:aa:29:75,,,,0x8f28,fe80::ec82:58b2:862d:de54,fe80::44c8:8853:62aa:2975,19788,19788,11,4|5|8|1|2|18|13|10|12|9|22,,,,,,0ee479daf16cf740,Child ID Request
/home/ewout/.openclaw/workspace-softwaredeveloper/ESPHome-Thread-ED-Switch-Parent/testing/logs/ucast_fastpr-4router-50runs-20260628-043752/20260628-132503-run45/ucast_fastpr_sniffer_20260628-132503-run45.pcapng,ucast_fastpr_sniffer_20260628-132503-run45.pcapng,20260628-132503-run45,32,1782645951.216508000,"Jun 28, 2026 13:25:51.216508000 CEST",124,wpan-tap:6lowpan:ipv6:udp:mle,0x0001,209,ee:82:58:b2:86:2d:de:54,46:c8:88:53:62:aa:29:75,,,,0x8f28,fe80::ec82:58b2:862d:de54,fe80::44c8:8853:62aa:2975,19788,19788,11,4|5|8|1|2|18|13|10|12|9|22,,,,,,0ee479daf16cf740,Child ID Request
/home/ewout/.openclaw/workspace-softwaredeveloper/ESPHome-Thread-ED-Switch-Parent/testing/logs/ucast_fastpr-4router-50runs-20260628-043752/20260628-132503-run45/ucast_fastpr_sniffer_20260628-132503-run45.pcapng,ucast_fastpr_sniffer_20260628-132503-run45.pcapng,20260628-132503-run45,33,1782645951.242454000,"Jun 28, 2026 13:25:51.242454000 CEST",124,wpan-tap:6lowpan:ipv6:udp:mle,0x0001,209,ee:82:58:b2:86:2d:de:54,46:c8:88:53:62:aa:29:75,,,,0x8f28,fe80::ec82:58b2:862d:de54,fe80::44c8:8853:62aa:2975,19788,19788,11,4|5|8|1|2|18|13|10|12|9|22,,,,,,0ee479daf16cf740,Child ID Request
/home/ewout/.openclaw/workspace-softwaredeveloper/ESPHome-Thread-ED-Switch-Parent/testing/logs/ucast_fastpr-4router-50runs-20260628-043752/20260628-132503-run45/ucast_fastpr_sniffer_20260628-132503-run45.pcapng,ucast_fastpr_sniffer_20260628-132503-run45.pcapng,20260628-132503-run45,34,1782645951.269373000,"Jun 28, 2026 13:25:51.269373000 CEST",124,wpan-tap:6lowpan:ipv6:udp:mle,0x0001,209,ee:82:58:b2:86:2d:de:54,46:c8:88:53:62:aa:29:75,,,,0x8f28,fe80::ec82:58b2:862d:de54,fe80::44c8:8853:62aa:2975,19788,19788,11,4|5|8|1|2|18|13|10|12|9|22,,,,,,0ee479daf16cf740,Child ID Request
/home/ewout/.openclaw/workspace-softwaredeveloper/ESPHome-Thread-ED-Switch-Parent/testing/logs/ucast_fastpr-4router-50runs-20260628-043752/20260628-132503-run45/ucast_fastpr_sniffer_20260628-132503-run45.pcapng,ucast_fastpr_sniffer_20260628-132503-run45.pcapng,20260628-132503-run45,35,1782645951.295810000,"Jun 28, 2026 13:25:51.295810000 CEST",124,wpan-tap:6lowpan:ipv6:udp:mle,0x0001,209,ee:82:58:b2:86:2d:de:54,46:c8:88:53:62:aa:29:75,,,,0x8f28,fe80::ec82:58b2:862d:de54,fe80::44c8:8853:62aa:2975,19788,19788,11,4|5|8|1|2|18|13|10|12|9|22,,,,,,0ee479daf16cf740,Child ID Request
/home/ewout/.openclaw/workspace-softwaredeveloper/ESPHome-Thread-ED-Switch-Parent/testing/logs/ucast_fastpr-4router-50runs-20260628-043752/20260628-132503-run45/ucast_fastpr_sniffer_20260628-132503-run45.pcapng,ucast_fastpr_sniffer_20260628-132503-run45.pcapng,20260628-132503-run45,36,1782645951.321901000,"Jun 28, 2026 13:25:51.321901000 CEST",124,wpan-tap:6lowpan:ipv6:udp:mle,0x0001,209,ee:82:58:b2:86:2d:de:54,46:c8:88:53:62:aa:29:75,,,,0x8f28,fe80::ec82:58b2:862d:de54,fe80::44c8:8853:62aa:2975,19788,19788,11,4|5|8|1|2|18|13|10|12|9|22,,,,,,0ee479daf16cf740,Child ID Request
/home/ewout/.openclaw/workspace-softwaredeveloper/ESPHome-Thread-ED-Switch-Parent/testing/logs/ucast_fastpr-4router-50runs-20260628-043752/20260628-132503-run45/ucast_fastpr_sniffer_20260628-132503-run45.pcapng,ucast_fastpr_sniffer_20260628-132503-run45.pcapng,20260628-132503-run45,37,1782645951.348440000,"Jun 28, 2026 13:25:51.348440000 CEST",124,wpan-tap:6lowpan:ipv6:udp:mle,0x0001,209,ee:82:58:b2:86:2d:de:54,46:c8:88:53:62:aa:29:75,,,,0x8f28,fe80::ec82:58b2:862d:de54,fe80::44c8:8853:62aa:2975,19788,19788,11,4|5|8|1|2|18|13|10|12|9|22,,,,,,0ee479daf16cf740,Child ID Request
/home/ewout/.openclaw/workspace-softwaredeveloper/ESPHome-Thread-ED-Switch-Parent/testing/logs/ucast_fastpr-4router-50runs-20260628-043752/20260628-132503-run45/ucast_fastpr_sniffer_20260628-132503-run45.pcapng,ucast_fastpr_sniffer_20260628-132503-run45.pcapng,20260628-132503-run45,38,1782645951.374770000,"Jun 28, 2026 13:25:51.374770000 CEST",124,wpan-tap:6lowpan:ipv6:udp:mle,0x0001,209,ee:82:58:b2:86:2d:de:54,46:c8:88:53:62:aa:29:75,,,,0x8f28,fe80::ec82:58b2:862d:de54,fe80::44c8:8853:62aa:2975,19788,19788,11,4|5|8|1|2|18|13|10|12|9|22,,,,,,0ee479daf16cf740,Child ID Request
/home/ewout/.openclaw/workspace-softwaredeveloper/ESPHome-Thread-ED-Switch-Parent/testing/logs/ucast_fastpr-4router-50runs-20260628-043752/20260628-132503-run45/ucast_fastpr_sniffer_20260628-132503-run45.pcapng,ucast_fastpr_sniffer_20260628-132503-run45.pcapng,20260628-132503-run45,39,1782645951.401054000,"Jun 28, 2026 13:25:51.401054000 CEST",124,wpan-tap:6lowpan:ipv6:udp:mle,0x0001,209,ee:82:58:b2:86:2d:de:54,46:c8:88:53:62:aa:29:75,,,,0x8f28,fe80::ec82:58b2:862d:de54,fe80::44c8:8853:62aa:2975,19788,19788,11,4|5|8|1|2|18|13|10|12|9|22,,,,,,0ee479daf16cf740,Child ID Request
/home/ewout/.openclaw/workspace-softwaredeveloper/ESPHome-Thread-ED-Switch-Parent/testing/logs/ucast_fastpr-4router-50runs-20260628-043752/20260628-132503-run45/ucast_fastpr_sniffer_20260628-132503-run45.pcapng,ucast_fastpr_sniffer_20260628-132503-run45.pcapng,20260628-132503-run45,40,1782645951.428399000,"Jun 28, 2026 13:25:51.428399000 CEST",124,wpan-tap:6lowpan:ipv6:udp:mle,0x0001,209,ee:82:58:b2:86:2d:de:54,46:c8:88:53:62:aa:29:75,,,,0x8f28,fe80::ec82:58b2:862d:de54,fe80::44c8:8853:62aa:2975,19788,19788,11,4|5|8|1|2|18|13|10|12|9|22,,,,,,0ee479daf16cf740,Child ID Request
/home/ewout/.openclaw/workspace-softwaredeveloper/ESPHome-Thread-ED-Switch-Parent/testing/logs/ucast_fastpr-4router-50runs-20260628-043752/20260628-132503-run45/ucast_fastpr_sniffer_20260628-132503-run45.pcapng,ucast_fastpr_sniffer_20260628-132503-run45.pcapng,20260628-132503-run45,41,1782645951.454442000,"Jun 28, 2026 13:25:51.454442000 CEST",124,wpan-tap:6lowpan:ipv6:udp:mle,0x0001,209,ee:82:58:b2:86:2d:de:54,46:c8:88:53:62:aa:29:75,,,,0x8f28,fe80::ec82:58b2:862d:de54,fe80::44c8:8853:62aa:2975,19788,19788,11,4|5|8|1|2|18|13|10|12|9|22,,,,,,0ee479daf16cf740,Child ID Request
/home/ewout/.openclaw/workspace-softwaredeveloper/ESPHome-Thread-ED-Switch-Parent/testing/logs/ucast_fastpr-4router-50runs-20260628-043752/20260628-132503-run45/ucast_fastpr_sniffer_20260628-132503-run45.pcapng,ucast_fastpr_sniffer_20260628-132503-run45.pcapng,20260628-132503-run45,42,1782645951.480612000,"Jun 28, 2026 13:25:51.480612000 CEST",124,wpan-tap:6lowpan:ipv6:udp:mle,0x0001,209,ee:82:58:b2:86:2d:de:54,46:c8:88:53:62:aa:29:75,,,,0x8f28,fe80::ec82:58b2:862d:de54,fe80::44c8:8853:62aa:2975,19788,19788,11,4|5|8|1|2|18|13|10|12|9|22,,,,,,0ee479daf16cf740,Child ID Request
/home/ewout/.openclaw/workspace-softwaredeveloper/ESPHome-Thread-ED-Switch-Parent/testing/logs/ucast_fastpr-4router-50runs-20260628-043752/20260628-132503-run45/ucast_fastpr_sniffer_20260628-132503-run45.pcapng,ucast_fastpr_sniffer_20260628-132503-run45.pcapng,20260628-132503-run45,43,1782645951.508613000,"Jun 28, 2026 13:25:51.508613000 CEST",124,wpan-tap:6lowpan:ipv6:udp:mle,0x0001,209,ee:82:58:b2:86:2d:de:54,46:c8:88:53:62:aa:29:75,,,,0x8f28,fe80::ec82:58b2:862d:de54,fe80::44c8:8853:62aa:2975,19788,19788,11,4|5|8|1|2|18|13|10|12|9|22,,,,,,0ee479daf16cf740,Child ID Request
/home/ewout/.openclaw/workspace-softwaredeveloper/ESPHome-Thread-ED-Switch-Parent/testing/logs/ucast_fastpr-4router-50runs-20260628-043752/20260628-132503-run45/ucast_fastpr_sniffer_20260628-132503-run45.pcapng,ucast_fastpr_sniffer_20260628-132503-run45.pcapng,20260628-132503-run45,44,1782645951.533598000,"Jun 28, 2026 13:25:51.533598000 CEST",124,wpan-tap:6lowpan:ipv6:udp:mle,0x0001,209,ee:82:58:b2:86:2d:de:54,46:c8:88:53:62:aa:29:75,,,,0x8f28,fe80::ec82:58b2:862d:de54,fe80::44c8:8853:62aa:2975,19788,19788,11,4|5|8|1|2|18|13|10|12|9|22,,,,,,0ee479daf16cf740,Child ID Request
/home/ewout/.openclaw/workspace-softwaredeveloper/ESPHome-Thread-ED-Switch-Parent/testing/logs/ucast_fastpr-4router-50runs-20260628-043752/20260628-132503-run45/ucast_fastpr_sniffer_20260628-132503-run45.pcapng,ucast_fastpr_sniffer_20260628-132503-run45.pcapng,20260628-132503-run45,45,1782645951.562250000,"Jun 28, 2026 13:25:51.562250000 CEST",124,wpan-tap:6lowpan:ipv6:udp:mle,0x0001,209,ee:82:58:b2:86:2d:de:54,46:c8:88:53:62:aa:29:75,,,,0x8f28,fe80::ec82:58b2:862d:de54,fe80::44c8:8853:62aa:2975,19788,19788,11,4|5|8|1|2|18|13|10|12|9|22,,,,,,0ee479daf16cf740,Child ID Request
/home/ewout/.openclaw/workspace-softwaredeveloper/ESPHome-Thread-ED-Switch-Parent/testing/logs/ucast_fastpr-4router-50runs-20260628-043752/20260628-132503-run45/ucast_fastpr_sniffer_20260628-132503-run45.pcapng,ucast_fastpr_sniffer_20260628-132503-run45.pcapng,20260628-132503-run45,46,1782645951.588027000,"Jun 28, 2026 13:25:51.588027000 CEST",124,wpan-tap:6lowpan:ipv6:udp:mle,0x0001,209,ee:82:58:b2:86:2d:de:54,46:c8:88:53:62:aa:29:75,,,,0x8f28,fe80::ec82:58b2:862d:de54,fe80::44c8:8853:62aa:2975,19788,19788,11,4|5|8|1|2|18|13|10|12|9|22,,,,,,0ee479daf16cf740,Child ID Request
/home/ewout/.openclaw/workspace-softwaredeveloper/ESPHome-Thread-ED-Switch-Parent/testing/logs/ucast_fastpr-4router-50runs-20260628-043752/20260628-132503-run45/ucast_fastpr_sniffer_20260628-132503-run45.pcapng,ucast_fastpr_sniffer_20260628-132503-run45.pcapng,20260628-132503-run45,48,1782645951.651993000,"Jun 28, 2026 13:25:51.651993000 CEST",122,wpan-tap:6lowpan:ipv6:udp:mle:thread_nwd:thread_meshcop,0x0001,114,46:c8:88:53:62:aa:29:75,ee:82:58:b2:86:2d:de:54,,,,0x8f28,fe80::44c8:8853:62aa:2975,fe80::ec82:58b2:862d:de54,19788,19788,12,0|11|22|10|12|9,,,,,,,Child ID Response
/home/ewout/.openclaw/workspace-softwaredeveloper/ESPHome-Thread-ED-Switch-Parent/testing/logs/ucast_fastpr-4router-50runs-20260628-043752/20260628-132503-run45/ucast_fastpr_sniffer_20260628-132503-run45.pcapng,ucast_fastpr_sniffer_20260628-132503-run45.pcapng,20260628-132503-run45,197,1782646254.234446000,"Jun 28, 2026 13:30:54.234446000 CEST",89,wpan-tap:6lowpan:ipv6:udp:mle,0x0001,225,7e:a3:f7:39:64:17:69:a8,,,0xffff,,0x8f28,fe80::7ca3:f739:6417:69a8,ff02::2,19788,19788,9,1|3|14|18,,,,,49cf1adeeb632503,,Parent Request
/home/ewout/.openclaw/workspace-softwaredeveloper/ESPHome-Thread-ED-Switch-Parent/testing/logs/ucast_fastpr-4router-50runs-20260628-043752/20260628-132503-run45/ucast_fastpr_sniffer_20260628-132503-run45.pcapng,ucast_fastpr_sniffer_20260628-132503-run45.pcapng,20260628-132503-run45,198,1782646254.449572000,"Jun 28, 2026 13:30:54.449572000 CEST",139,wpan-tap:6lowpan:ipv6:udp:mle,0x0001,242,ee:82:58:b2:86:2d:de:54,7e:a3:f7:39:64:17:69:a8,,,,0x8f28,fe80::ec82:58b2:862d:de54,fe80::7ca3:f739:6417:69a8,19788,19788,10,0|11|5|8|4|3|16|15|18,,,,,1bb9db0f0a346c83,49cf1adeeb632503,Parent Response
/home/ewout/.openclaw/workspace-softwaredeveloper/ESPHome-Thread-ED-Switch-Parent/testing/logs/ucast_fastpr-4router-50runs-20260628-043752/20260628-132503-run45/ucast_fastpr_sniffer_20260628-132503-run45.pcapng,ucast_fastpr_sniffer_20260628-132503-run45.pcapng,20260628-132503-run45,200,1782646254.543660000,"Jun 28, 2026 13:30:54.543660000 CEST",139,wpan-tap:6lowpan:ipv6:udp:mle,0x0001,146,46:c8:88:53:62:aa:29:75,7e:a3:f7:39:64:17:69:a8,,,,0x8f28,fe80::44c8:8853:62aa:2975,fe80::7ca3:f739:6417:69a8,19788,19788,10,0|11|5|8|4|3|16|15|18,,,,,4d411cb15f4056d7,49cf1adeeb632503,Parent Response
/home/ewout/.openclaw/workspace-softwaredeveloper/ESPHome-Thread-ED-Switch-Parent/testing/logs/ucast_fastpr-4router-50runs-20260628-043752/20260628-132503-run45/ucast_fastpr_sniffer_20260628-132503-run45.pcapng,ucast_fastpr_sniffer_20260628-132503-run45.pcapng,20260628-132503-run45,202,1782646254.747261000,"Jun 28, 2026 13:30:54.747261000 CEST",139,wpan-tap:6lowpan:ipv6:udp:mle,0x0001,210,5e:a4:a9:0b:57:7b:fd:c2,7e:a3:f7:39:64:17:69:a8,,,,0x8f28,fe80::5ca4:a90b:577b:fdc2,fe80::7ca3:f739:6417:69a8,19788,19788,10,0|11|5|8|4|3|16|15|18,,,,,d22bbf9cc202c3af,49cf1adeeb632503,Parent Response
/home/ewout/.openclaw/workspace-softwaredeveloper/ESPHome-Thread-ED-Switch-Parent/testing/logs/ucast_fastpr-4router-50runs-20260628-043752/20260628-132503-run45/ucast_fastpr_sniffer_20260628-132503-run45.pcapng,ucast_fastpr_sniffer_20260628-132503-run45.pcapng,20260628-132503-run45,204,1782646254.764725000,"Jun 28, 2026 13:30:54.764725000 CEST",139,wpan-tap:6lowpan:ipv6:udp:mle,0x0001,21,d6:e2:54:b8:34:e3:1a:91,7e:a3:f7:39:64:17:69:a8,,,,0x8f28,fe80::d4e2:54b8:34e3:1a91,fe80::7ca3:f739:6417:69a8,19788,19788,10,0|11|5|8|4|3|16|15|18,,,,,3c38afbe20e78e8f,49cf1adeeb632503,Parent Response
/home/ewout/.openclaw/workspace-softwaredeveloper/ESPHome-Thread-ED-Switch-Parent/testing/logs/ucast_fastpr-4router-50runs-20260628-043752/20260628-132503-run45/ucast_fastpr_sniffer_20260628-132503-run45.pcapng,ucast_fastpr_sniffer_20260628-132503-run45.pcapng,20260628-132503-run45,206,1782646254.987546000,"Jun 28, 2026 13:30:54.987546000 CEST",134,wpan-tap:6lowpan:ipv6:udp:mle,0x0001,226,7e:a3:f7:39:64:17:69:a8,46:c8:88:53:62:aa:29:75,,,,0x8f28,fe80::7ca3:f739:6417:69a8,fe80::44c8:8853:62aa:2975,19788,19788,11,4|5|8|1|2|18|19|13|10|12|22,,,,,,4d411cb15f4056d7,Child ID Request
/home/ewout/.openclaw/workspace-softwaredeveloper/ESPHome-Thread-ED-Switch-Parent/testing/logs/ucast_fastpr-4router-50runs-20260628-043752/20260628-132503-run45/ucast_fastpr_sniffer_20260628-132503-run45.pcapng,ucast_fastpr_sniffer_20260628-132503-run45.pcapng,20260628-132503-run45,208,1782646255.050870000,"Jun 28, 2026 13:30:55.050870000 CEST",106,wpan-tap:6lowpan:ipv6:udp:mle,0x0001,147,46:c8:88:53:62:aa:29:75,7e:a3:f7:39:64:17:69:a8,,,,0x8f28,fe80::44c8:8853:62aa:2975,fe80::7ca3:f739:6417:69a8,19788,19788,12,0|11|22|10|12|19,,,,,,,Child ID Response
/home/ewout/.openclaw/workspace-softwaredeveloper/ESPHome-Thread-ED-Switch-Parent/testing/logs/ucast_fastpr-4router-50runs-20260628-043752/20260628-132503-run45/ucast_fastpr_sniffer_20260628-132503-run45.pcapng,ucast_fastpr_sniffer_20260628-132503-run45.pcapng,20260628-132503-run45,210,1782646258.785293000,"Jun 28, 2026 13:30:58.785293000 CEST",94,wpan-tap:6lowpan:ipv6:udp:mle,0x0001,227,7e:a3:f7:39:64:17:69:a8,ee:82:58:b2:86:2d:de:54,,,,0x8f28,fe80::7ca3:f739:6417:69a8,fe80::ec82:58b2:862d:de54,19788,19788,9,1|3|14|18,,,,,5dda19fc91437cd2,,Parent Request
/home/ewout/.openclaw/workspace-softwaredeveloper/ESPHome-Thread-ED-Switch-Parent/testing/logs/ucast_fastpr-4router-50runs-20260628-043752/20260628-132503-run45/ucast_fastpr_sniffer_20260628-132503-run45.pcapng,ucast_fastpr_sniffer_20260628-132503-run45.pcapng,20260628-132503-run45,212,1782646258.830113000,"Jun 28, 2026 13:30:58.830113000 CEST",139,wpan-tap:6lowpan:ipv6:udp:mle,0x0001,243,ee:82:58:b2:86:2d:de:54,7e:a3:f7:39:64:17:69:a8,,,,0x8f28,fe80::ec82:58b2:862d:de54,fe80::7ca3:f739:6417:69a8,19788,19788,10,0|11|5|8|4|3|16|15|18,,,,,0c9f60668907d722,5dda19fc91437cd2,Parent Response
/home/ewout/.openclaw/workspace-softwaredeveloper/ESPHome-Thread-ED-Switch-Parent/testing/logs/ucast_fastpr-4router-50runs-20260628-043752/20260628-132503-run45/ucast_fastpr_sniffer_20260628-132503-run45.pcapng,ucast_fastpr_sniffer_20260628-132503-run45.pcapng,20260628-132503-run45,214,1782646258.908080000,"Jun 28, 2026 13:30:58.908080000 CEST",134,wpan-tap:6lowpan:ipv6:udp:mle,0x0001,228,7e:a3:f7:39:64:17:69:a8,ee:82:58:b2:86:2d:de:54,,,,0x8f28,fe80::7ca3:f739:6417:69a8,fe80::ec82:58b2:862d:de54,19788,19788,11,4|5|8|1|2|18|19|13|10|12|22,,,,,,0c9f60668907d722,Child ID Request
/home/ewout/.openclaw/workspace-softwaredeveloper/ESPHome-Thread-ED-Switch-Parent/testing/logs/ucast_fastpr-4router-50runs-20260628-043752/20260628-132503-run45/ucast_fastpr_sniffer_20260628-132503-run45.pcapng,ucast_fastpr_sniffer_20260628-132503-run45.pcapng,20260628-132503-run45,216,1782646258.978348000,"Jun 28, 2026 13:30:58.978348000 CEST",106,wpan-tap:6lowpan:ipv6:udp:mle,0x0001,244,ee:82:58:b2:86:2d:de:54,7e:a3:f7:39:64:17:69:a8,,,,0x8f28,fe80::ec82:58b2:862d:de54,fe80::7ca3:f739:6417:69a8,19788,19788,12,0|11|22|10|12|19,,,,,,,Child ID Response
/home/ewout/.openclaw/workspace-softwaredeveloper/ESPHome-Thread-ED-Switch-Parent/testing/logs/ucast_fastpr-4router-50runs-20260628-043752/20260628-132503-run45/ucast_fastpr_sniffer_20260628-132503-run45.pcapng,ucast_fastpr_sniffer_20260628-132503-run45.pcapng,20260628-132503-run45,403,1782646370.659979000,"Jun 28, 2026 13:32:50.659979000 CEST",89,wpan-tap:6lowpan:ipv6:udp:mle,0x0001,3,ee:82:58:b2:86:2d:de:54,,,0xffff,,0x8f28,fe80::ec82:58b2:862d:de54,ff02::2,19788,19788,9,1|3|14|18,,,,,ebd42cca5b518e42,,Parent Request
/home/ewout/.openclaw/workspace-softwaredeveloper/ESPHome-Thread-ED-Switch-Parent/testing/logs/ucast_fastpr-4router-50runs-20260628-043752/20260628-132503-run45/ucast_fastpr_sniffer_20260628-132503-run45.pcapng,ucast_fastpr_sniffer_20260628-132503-run45.pcapng,20260628-132503-run45,404,1782646370.969049000,"Jun 28, 2026 13:32:50.969049000 CEST",89,wpan-tap:6lowpan:ipv6:udp:mle,0x0001,32,d6:e2:54:b8:34:e3:1a:91,,,0xffff,,0x8f28,fe80::d4e2:54b8:34e3:1a91,ff02::2,19788,19788,9,1|3|14|18,,,,,6f150de71b2645ba,,Parent Request
/home/ewout/.openclaw/workspace-softwaredeveloper/ESPHome-Thread-ED-Switch-Parent/testing/logs/ucast_fastpr-4router-50runs-20260628-043752/20260628-132503-run45/ucast_fastpr_sniffer_20260628-132503-run45.pcapng,ucast_fastpr_sniffer_20260628-132503-run45.pcapng,20260628-132503-run45,405,1782646371.104621000,"Jun 28, 2026 13:32:51.104621000 CEST",89,wpan-tap:6lowpan:ipv6:udp:mle,0x0001,225,5e:a4:a9:0b:57:7b:fd:c2,,,0xffff,,0x8f28,fe80::5ca4:a90b:577b:fdc2,ff02::2,19788,19788,9,1|3|14|18,,,,,a6f576f237f76147,,Parent Request
/home/ewout/.openclaw/workspace-softwaredeveloper/ESPHome-Thread-ED-Switch-Parent/testing/logs/ucast_fastpr-4router-50runs-20260628-043752/20260628-132503-run45/ucast_fastpr_sniffer_20260628-132503-run45.pcapng,ucast_fastpr_sniffer_20260628-132503-run45.pcapng,20260628-132503-run45,406,1782646371.908600000,"Jun 28, 2026 13:32:51.908600000 CEST",89,wpan-tap:6lowpan:ipv6:udp:mle,0x0001,4,ee:82:58:b2:86:2d:de:54,,,0xffff,,0x8f28,fe80::ec82:58b2:862d:de54,ff02::2,19788,19788,9,1|3|14|18,,,,,1f0d66d78f59d974,,Parent Request
/home/ewout/.openclaw/workspace-softwaredeveloper/ESPHome-Thread-ED-Switch-Parent/testing/logs/ucast_fastpr-4router-50runs-20260628-043752/20260628-132503-run45/ucast_fastpr_sniffer_20260628-132503-run45.pcapng,ucast_fastpr_sniffer_20260628-132503-run45.pcapng,20260628-132503-run45,407,1782646372.219476000,"Jun 28, 2026 13:32:52.219476000 CEST",89,wpan-tap:6lowpan:ipv6:udp:mle,0x0001,33,d6:e2:54:b8:34:e3:1a:91,,,0xffff,,0x8f28,fe80::d4e2:54b8:34e3:1a91,ff02::2,19788,19788,9,1|3|14|18,,,,,bbaa6bde393f81c5,,Parent Request
/home/ewout/.openclaw/workspace-softwaredeveloper/ESPHome-Thread-ED-Switch-Parent/testing/logs/ucast_fastpr-4router-50runs-20260628-043752/20260628-132503-run45/ucast_fastpr_sniffer_20260628-132503-run45.pcapng,ucast_fastpr_sniffer_20260628-132503-run45.pcapng,20260628-132503-run45,408,1782646372.354983000,"Jun 28, 2026 13:32:52.354983000 CEST",89,wpan-tap:6lowpan:ipv6:udp:mle,0x0001,226,5e:a4:a9:0b:57:7b:fd:c2,,,0xffff,,0x8f28,fe80::5ca4:a90b:577b:fdc2,ff02::2,19788,19788,9,1|3|14|18,,,,,c7676403a686941a,,Parent Request
/home/ewout/.openclaw/workspace-softwaredeveloper/ESPHome-Thread-ED-Switch-Parent/testing/logs/ucast_fastpr-4router-50runs-20260628-043752/20260628-132503-run45/ucast_fastpr_sniffer_20260628-132503-run45.pcapng,ucast_fastpr_sniffer_20260628-132503-run45.pcapng,20260628-132503-run45,409,1782646373.163189000,"Jun 28, 2026 13:32:53.163189000 CEST",89,wpan-tap:6lowpan:ipv6:udp:mle,0x0001,5,ee:82:58:b2:86:2d:de:54,,,0xffff,,0x8f28,fe80::ec82:58b2:862d:de54,ff02::2,19788,19788,9,1|3|14|18,,,,,4c68a10d339d55ee,,Parent Request
/home/ewout/.openclaw/workspace-softwaredeveloper/ESPHome-Thread-ED-Switch-Parent/testing/logs/ucast_fastpr-4router-50runs-20260628-043752/20260628-132503-run45/ucast_fastpr_sniffer_20260628-132503-run45.pcapng,ucast_fastpr_sniffer_20260628-132503-run45.pcapng,20260628-132503-run45,410,1782646373.470068000,"Jun 28, 2026 13:32:53.470068000 CEST",89,wpan-tap:6lowpan:ipv6:udp:mle,0x0001,34,d6:e2:54:b8:34:e3:1a:91,,,0xffff,,0x8f28,fe80::d4e2:54b8:34e3:1a91,ff02::2,19788,19788,9,1|3|14|18,,,,,5aab738ded95e07b,,Parent Request
/home/ewout/.openclaw/workspace-softwaredeveloper/ESPHome-Thread-ED-Switch-Parent/testing/logs/ucast_fastpr-4router-50runs-20260628-043752/20260628-132503-run45/ucast_fastpr_sniffer_20260628-132503-run45.pcapng,ucast_fastpr_sniffer_20260628-132503-run45.pcapng,20260628-132503-run45,411,1782646373.606792000,"Jun 28, 2026 13:32:53.606792000 CEST",89,wpan-tap:6lowpan:ipv6:udp:mle,0x0001,227,5e:a4:a9:0b:57:7b:fd:c2,,,0xffff,,0x8f28,fe80::5ca4:a90b:577b:fdc2,ff02::2,19788,19788,9,1|3|14|18,,,,,02bba87147ab2d03,,Parent Request
/home/ewout/.openclaw/workspace-softwaredeveloper/ESPHome-Thread-ED-Switch-Parent/testing/logs/ucast_fastpr-4router-50runs-20260628-043752/20260628-132503-run45/ucast_fastpr_sniffer_20260628-132503-run45.pcapng,ucast_fastpr_sniffer_20260628-132503-run45.pcapng,20260628-132503-run45,412,1782646374.415138000,"Jun 28, 2026 13:32:54.415138000 CEST",89,wpan-tap:6lowpan:ipv6:udp:mle,0x0001,6,ee:82:58:b2:86:2d:de:54,,,0xffff,,0x8f28,fe80::ec82:58b2:862d:de54,ff02::2,19788,19788,9,1|3|14|18,,,,,fc9b1c575fb49d36,,Parent Request
/home/ewout/.openclaw/workspace-softwaredeveloper/ESPHome-Thread-ED-Switch-Parent/testing/logs/ucast_fastpr-4router-50runs-20260628-043752/20260628-132503-run45/ucast_fastpr_sniffer_20260628-132503-run45.pcapng,ucast_fastpr_sniffer_20260628-132503-run45.pcapng,20260628-132503-run45,413,1782646374.723964000,"Jun 28, 2026 13:32:54.723964000 CEST",89,wpan-tap:6lowpan:ipv6:udp:mle,0x0001,35,d6:e2:54:b8:34:e3:1a:91,,,0xffff,,0x8f28,fe80::d4e2:54b8:34e3:1a91,ff02::2,19788,19788,9,1|3|14|18,,,,,ae19417ed5955895,,Parent Request
/home/ewout/.openclaw/workspace-softwaredeveloper/ESPHome-Thread-ED-Switch-Parent/testing/logs/ucast_fastpr-4router-50runs-20260628-043752/20260628-132503-run45/ucast_fastpr_sniffer_20260628-132503-run45.pcapng,ucast_fastpr_sniffer_20260628-132503-run45.pcapng,20260628-132503-run45,414,1782646374.859894000,"Jun 28, 2026 13:32:54.859894000 CEST",89,wpan-tap:6lowpan:ipv6:udp:mle,0x0001,228,5e:a4:a9:0b:57:7b:fd:c2,,,0xffff,,0x8f28,fe80::5ca4:a90b:577b:fdc2,ff02::2,19788,19788,9,1|3|14|18,,,,,b25a65c50858d460,,Parent Request
/home/ewout/.openclaw/workspace-softwaredeveloper/ESPHome-Thread-ED-Switch-Parent/testing/logs/ucast_fastpr-4router-50runs-20260628-043752/20260628-132503-run45/ucast_fastpr_sniffer_20260628-132503-run45.pcapng,ucast_fastpr_sniffer_20260628-132503-run45.pcapng,20260628-132503-run45,415,1782646375.669166000,"Jun 28, 2026 13:32:55.669166000 CEST",89,wpan-tap:6lowpan:ipv6:udp:mle,0x0001,7,ee:82:58:b2:86:2d:de:54,,,0xffff,,0x8f28,fe80::ec82:58b2:862d:de54,ff02::2,19788,19788,9,1|3|14|18,,,,,2bd17e64bf21aa48,,Parent Request
/home/ewout/.openclaw/workspace-softwaredeveloper/ESPHome-Thread-ED-Switch-Parent/testing/logs/ucast_fastpr-4router-50runs-20260628-043752/20260628-132503-run45/ucast_fastpr_sniffer_20260628-132503-run45.pcapng,ucast_fastpr_sniffer_20260628-132503-run45.pcapng,20260628-132503-run45,416,1782646375.977006000,"Jun 28, 2026 13:32:55.977006000 CEST",89,wpan-tap:6lowpan:ipv6:udp:mle,0x0001,36,d6:e2:54:b8:34:e3:1a:91,,,0xffff,,0x8f28,fe80::d4e2:54b8:34e3:1a91,ff02::2,19788,19788,9,1|3|14|18,,,,,f0ad389bdbe2233e,,Parent Request
/home/ewout/.openclaw/workspace-softwaredeveloper/ESPHome-Thread-ED-Switch-Parent/testing/logs/ucast_fastpr-4router-50runs-20260628-043752/20260628-132503-run45/ucast_fastpr_sniffer_20260628-132503-run45.pcapng,ucast_fastpr_sniffer_20260628-132503-run45.pcapng,20260628-132503-run45,417,1782646376.112378000,"Jun 28, 2026 13:32:56.112378000 CEST",89,wpan-tap:6lowpan:ipv6:udp:mle,0x0001,229,5e:a4:a9:0b:57:7b:fd:c2,,,0xffff,,0x8f28,fe80::5ca4:a90b:577b:fdc2,ff02::2,19788,19788,9,1|3|14|18,,,,,f78c7dc77fda2a11,,Parent Request
/home/ewout/.openclaw/workspace-softwaredeveloper/ESPHome-Thread-ED-Switch-Parent/testing/logs/ucast_fastpr-4router-50runs-20260628-043752/20260628-132503-run45/ucast_fastpr_sniffer_20260628-132503-run45.pcapng,ucast_fastpr_sniffer_20260628-132503-run45.pcapng,20260628-132503-run45,418,1782646376.921232000,"Jun 28, 2026 13:32:56.921232000 CEST",89,wpan-tap:6lowpan:ipv6:udp:mle,0x0001,8,ee:82:58:b2:86:2d:de:54,,,0xffff,,0x8f28,fe80::ec82:58b2:862d:de54,ff02::2,19788,19788,9,1|3|14|18,,,,,d7e669481b887aa8,,Parent Request
/home/ewout/.openclaw/workspace-softwaredeveloper/ESPHome-Thread-ED-Switch-Parent/testing/logs/ucast_fastpr-4router-50runs-20260628-043752/20260628-132503-run45/ucast_fastpr_sniffer_20260628-132503-run45.pcapng,ucast_fastpr_sniffer_20260628-132503-run45.pcapng,20260628-132503-run45,419,1782646377.230539000,"Jun 28, 2026 13:32:57.230539000 CEST",89,wpan-tap:6lowpan:ipv6:udp:mle,0x0001,37,d6:e2:54:b8:34:e3:1a:91,,,0xffff,,0x8f28,fe80::d4e2:54b8:34e3:1a91,ff02::2,19788,19788,9,1|3|14|18,,,,,9e5415856c640475,,Parent Request
/home/ewout/.openclaw/workspace-softwaredeveloper/ESPHome-Thread-ED-Switch-Parent/testing/logs/ucast_fastpr-4router-50runs-20260628-043752/20260628-132503-run45/ucast_fastpr_sniffer_20260628-132503-run45.pcapng,ucast_fastpr_sniffer_20260628-132503-run45.pcapng,20260628-132503-run45,420,1782646377.365622000,"Jun 28, 2026 13:32:57.365622000 CEST",89,wpan-tap:6lowpan:ipv6:udp:mle,0x0001,230,5e:a4:a9:0b:57:7b:fd:c2,,,0xffff,,0x8f28,fe80::5ca4:a90b:577b:fdc2,ff02::2,19788,19788,9,1|3|14|18,,,,,acfc95cc3470211a,,Parent Request
/home/ewout/.openclaw/workspace-softwaredeveloper/ESPHome-Thread-ED-Switch-Parent/testing/logs/ucast_fastpr-4router-50runs-20260628-043752/20260628-132503-run45/ucast_fastpr_sniffer_20260628-132503-run45.pcapng,ucast_fastpr_sniffer_20260628-132503-run45.pcapng,20260628-132503-run45,421,1782646378.186780000,"Jun 28, 2026 13:32:58.186780000 CEST",89,wpan-tap:6lowpan:ipv6:udp:mle,0x0001,9,ee:82:58:b2:86:2d:de:54,,,0xffff,,0x8f28,fe80::ec82:58b2:862d:de54,ff02::2,19788,19788,9,1|3|14|18,,,,,ecdcff2dd7514677,,Parent Request
/home/ewout/.openclaw/workspace-softwaredeveloper/ESPHome-Thread-ED-Switch-Parent/testing/logs/ucast_fastpr-4router-50runs-20260628-043752/20260628-132503-run45/ucast_fastpr_sniffer_20260628-132503-run45.pcapng,ucast_fastpr_sniffer_20260628-132503-run45.pcapng,20260628-132503-run45,422,1782646378.494301000,"Jun 28, 2026 13:32:58.494301000 CEST",89,wpan-tap:6lowpan:ipv6:udp:mle,0x0001,38,d6:e2:54:b8:34:e3:1a:91,,,0xffff,,0x8f28,fe80::d4e2:54b8:34e3:1a91,ff02::2,19788,19788,9,1|3|14|18,,,,,0f551e405044aff9,,Parent Request
/home/ewout/.openclaw/workspace-softwaredeveloper/ESPHome-Thread-ED-Switch-Parent/testing/logs/ucast_fastpr-4router-50runs-20260628-043752/20260628-132503-run45/ucast_fastpr_sniffer_20260628-132503-run45.pcapng,ucast_fastpr_sniffer_20260628-132503-run45.pcapng,20260628-132503-run45,423,1782646378.629870000,"Jun 28, 2026 13:32:58.629870000 CEST",89,wpan-tap:6lowpan:ipv6:udp:mle,0x0001,231,5e:a4:a9:0b:57:7b:fd:c2,,,0xffff,,0x8f28,fe80::5ca4:a90b:577b:fdc2,ff02::2,19788,19788,9,1|3|14|18,,,,,3d8ccf132ae09e0f,,Parent Request
/home/ewout/.openclaw/workspace-softwaredeveloper/ESPHome-Thread-ED-Switch-Parent/testing/logs/ucast_fastpr-4router-50runs-20260628-043752/20260628-132503-run45/ucast_fastpr_sniffer_20260628-132503-run45.pcapng,ucast_fastpr_sniffer_20260628-132503-run45.pcapng,20260628-132503-run45,424,1782646378.937286000,"Jun 28, 2026 13:32:58.937286000 CEST",89,wpan-tap:6lowpan:ipv6:udp:mle,0x0001,10,ee:82:58:b2:86:2d:de:54,,,0xffff,,0x8f28,fe80::ec82:58b2:862d:de54,ff02::2,19788,19788,9,1|3|14|18,,,,,f9aadd9e0f5ce3cf,,Parent Request
/home/ewout/.openclaw/workspace-softwaredeveloper/ESPHome-Thread-ED-Switch-Parent/testing/logs/ucast_fastpr-4router-50runs-20260628-043752/20260628-132503-run45/ucast_fastpr_sniffer_20260628-132503-run45.pcapng,ucast_fastpr_sniffer_20260628-132503-run45.pcapng,20260628-132503-run45,425,1782646379.244586000,"Jun 28, 2026 13:32:59.244586000 CEST",89,wpan-tap:6lowpan:ipv6:udp:mle,0x0001,39,d6:e2:54:b8:34:e3:1a:91,,,0xffff,,0x8f28,fe80::d4e2:54b8:34e3:1a91,ff02::2,19788,19788,9,1|3|14|18,,,,,f34777cc0d8fa3de,,Parent Request
/home/ewout/.openclaw/workspace-softwaredeveloper/ESPHome-Thread-ED-Switch-Parent/testing/logs/ucast_fastpr-4router-50runs-20260628-043752/20260628-132503-run45/ucast_fastpr_sniffer_20260628-132503-run45.pcapng,ucast_fastpr_sniffer_20260628-132503-run45.pcapng,20260628-132503-run45,426,1782646379.380089000,"Jun 28, 2026 13:32:59.380089000 CEST",89,wpan-tap:6lowpan:ipv6:udp:mle,0x0001,232,5e:a4:a9:0b:57:7b:fd:c2,,,0xffff,,0x8f28,fe80::5ca4:a90b:577b:fdc2,ff02::2,19788,19788,9,1|3|14|18,,,,,ffdfbf3244819cb0,,Parent Request
/home/ewout/.openclaw/workspace-softwaredeveloper/ESPHome-Thread-ED-Switch-Parent/testing/logs/ucast_fastpr-4router-50runs-20260628-043752/20260628-132503-run45/ucast_fastpr_sniffer_20260628-132503-run45.pcapng,ucast_fastpr_sniffer_20260628-132503-run45.pcapng,20260628-132503-run45,427,1782646379.688859000,"Jun 28, 2026 13:32:59.688859000 CEST",89,wpan-tap:6lowpan:ipv6:udp:mle,0x0001,11,ee:82:58:b2:86:2d:de:54,,,0xffff,,0x8f28,fe80::ec82:58b2:862d:de54,ff02::2,19788,19788,9,1|3|14|18,,,,,574f9cb33904fab9,,Parent Request
/home/ewout/.openclaw/workspace-softwaredeveloper/ESPHome-Thread-ED-Switch-Parent/testing/logs/ucast_fastpr-4router-50runs-20260628-043752/20260628-132503-run45/ucast_fastpr_sniffer_20260628-132503-run45.pcapng,ucast_fastpr_sniffer_20260628-132503-run45.pcapng,20260628-132503-run45,428,1782646379.997237000,"Jun 28, 2026 13:32:59.997237000 CEST",89,wpan-tap:6lowpan:ipv6:udp:mle,0x0001,40,d6:e2:54:b8:34:e3:1a:91,,,0xffff,,0x8f28,fe80::d4e2:54b8:34e3:1a91,ff02::2,19788,19788,9,1|3|14|18,,,,,401c6298ea7903b0,,Parent Request
/home/ewout/.openclaw/workspace-softwaredeveloper/ESPHome-Thread-ED-Switch-Parent/testing/logs/ucast_fastpr-4router-50runs-20260628-043752/20260628-132503-run45/ucast_fastpr_sniffer_20260628-132503-run45.pcapng,ucast_fastpr_sniffer_20260628-132503-run45.pcapng,20260628-132503-run45,429,1782646380.132133000,"Jun 28, 2026 13:33:00.132133000 CEST",89,wpan-tap:6lowpan:ipv6:udp:mle,0x0001,233,5e:a4:a9:0b:57:7b:fd:c2,,,0xffff,,0x8f28,fe80::5ca4:a90b:577b:fdc2,ff02::2,19788,19788,9,1|3|14|18,,,,,d222e7dd27a89536,,Parent Request
/home/ewout/.openclaw/workspace-softwaredeveloper/ESPHome-Thread-ED-Switch-Parent/testing/logs/ucast_fastpr-4router-50runs-20260628-043752/20260628-132503-run45/ucast_fastpr_sniffer_20260628-132503-run45.pcapng,ucast_fastpr_sniffer_20260628-132503-run45.pcapng,20260628-132503-run45,430,1782646380.942394000,"Jun 28, 2026 13:33:00.942394000 CEST",89,wpan-tap:6lowpan:ipv6:udp:mle,0x0001,12,ee:82:58:b2:86:2d:de:54,,,0xffff,,0x8f28,fe80::ec82:58b2:862d:de54,ff02::2,19788,19788,9,1|3|14|18,,,,,d4f07101ab7b8033,,Parent Request
/home/ewout/.openclaw/workspace-softwaredeveloper/ESPHome-Thread-ED-Switch-Parent/testing/logs/ucast_fastpr-4router-50runs-20260628-043752/20260628-132503-run45/ucast_fastpr_sniffer_20260628-132503-run45.pcapng,ucast_fastpr_sniffer_20260628-132503-run45.pcapng,20260628-132503-run45,431,1782646381.250262000,"Jun 28, 2026 13:33:01.250262000 CEST",89,wpan-tap:6lowpan:ipv6:udp:mle,0x0001,41,d6:e2:54:b8:34:e3:1a:91,,,0xffff,,0x8f28,fe80::d4e2:54b8:34e3:1a91,ff02::2,19788,19788,9,1|3|14|18,,,,,6df856038ffd05d4,,Parent Request
/home/ewout/.openclaw/workspace-softwaredeveloper/ESPHome-Thread-ED-Switch-Parent/testing/logs/ucast_fastpr-4router-50runs-20260628-043752/20260628-132503-run45/ucast_fastpr_sniffer_20260628-132503-run45.pcapng,ucast_fastpr_sniffer_20260628-132503-run45.pcapng,20260628-132503-run45,432,1782646381.385195000,"Jun 28, 2026 13:33:01.385195000 CEST",89,wpan-tap:6lowpan:ipv6:udp:mle,0x0001,234,5e:a4:a9:0b:57:7b:fd:c2,,,0xffff,,0x8f28,fe80::5ca4:a90b:577b:fdc2,ff02::2,19788,19788,9,1|3|14|18,,,,,dff7fd6d2a33b1b3,,Parent Request
/home/ewout/.openclaw/workspace-softwaredeveloper/ESPHome-Thread-ED-Switch-Parent/testing/logs/ucast_fastpr-4router-50runs-20260628-043752/20260628-132503-run45/ucast_fastpr_sniffer_20260628-132503-run45.pcapng,ucast_fastpr_sniffer_20260628-132503-run45.pcapng,20260628-132503-run45,433,1782646382.195030000,"Jun 28, 2026 13:33:02.195030000 CEST",89,wpan-tap:6lowpan:ipv6:udp:mle,0x0001,13,ee:82:58:b2:86:2d:de:54,,,0xffff,,0x8f28,fe80::ec82:58b2:862d:de54,ff02::2,19788,19788,9,1|3|14|18,,,,,1ea4d6fe517e4dde,,Parent Request
/home/ewout/.openclaw/workspace-softwaredeveloper/ESPHome-Thread-ED-Switch-Parent/testing/logs/ucast_fastpr-4router-50runs-20260628-043752/20260628-132503-run45/ucast_fastpr_sniffer_20260628-132503-run45.pcapng,ucast_fastpr_sniffer_20260628-132503-run45.pcapng,20260628-132503-run45,434,1782646382.502365000,"Jun 28, 2026 13:33:02.502365000 CEST",89,wpan-tap:6lowpan:ipv6:udp:mle,0x0001,42,d6:e2:54:b8:34:e3:1a:91,,,0xffff,,0x8f28,fe80::d4e2:54b8:34e3:1a91,ff02::2,19788,19788,9,1|3|14|18,,,,,4cf49eef50778acd,,Parent Request
/home/ewout/.openclaw/workspace-softwaredeveloper/ESPHome-Thread-ED-Switch-Parent/testing/logs/ucast_fastpr-4router-50runs-20260628-043752/20260628-132503-run45/ucast_fastpr_sniffer_20260628-132503-run45.pcapng,ucast_fastpr_sniffer_20260628-132503-run45.pcapng,20260628-132503-run45,435,1782646382.637317000,"Jun 28, 2026 13:33:02.637317000 CEST",89,wpan-tap:6lowpan:ipv6:udp:mle,0x0001,235,5e:a4:a9:0b:57:7b:fd:c2,,,0xffff,,0x8f28,fe80::5ca4:a90b:577b:fdc2,ff02::2,19788,19788,9,1|3|14|18,,,,,ea70487e8d8c7f49,,Parent Request
/home/ewout/.openclaw/workspace-softwaredeveloper/ESPHome-Thread-ED-Switch-Parent/testing/logs/ucast_fastpr-4router-50runs-20260628-043752/20260628-132503-run45/ucast_fastpr_sniffer_20260628-132503-run45.pcapng,ucast_fastpr_sniffer_20260628-132503-run45.pcapng,20260628-132503-run45,436,1782646383.449488000,"Jun 28, 2026 13:33:03.449488000 CEST",89,wpan-tap:6lowpan:ipv6:udp:mle,0x0001,14,ee:82:58:b2:86:2d:de:54,,,0xffff,,0x8f28,fe80::ec82:58b2:862d:de54,ff02::2,19788,19788,9,1|3|14|18,,,,,2350ed0b7dde2813,,Parent Request
/home/ewout/.openclaw/workspace-softwaredeveloper/ESPHome-Thread-ED-Switch-Parent/testing/logs/ucast_fastpr-4router-50runs-20260628-043752/20260628-132503-run45/ucast_fastpr_sniffer_20260628-132503-run45.pcapng,ucast_fastpr_sniffer_20260628-132503-run45.pcapng,20260628-132503-run45,437,1782646383.755593000,"Jun 28, 2026 13:33:03.755593000 CEST",89,wpan-tap:6lowpan:ipv6:udp:mle,0x0001,43,d6:e2:54:b8:34:e3:1a:91,,,0xffff,,0x8f28,fe80::d4e2:54b8:34e3:1a91,ff02::2,19788,19788,9,1|3|14|18,,,,,99138c0005c6aeb4,,Parent Request
/home/ewout/.openclaw/workspace-softwaredeveloper/ESPHome-Thread-ED-Switch-Parent/testing/logs/ucast_fastpr-4router-50runs-20260628-043752/20260628-132503-run45/ucast_fastpr_sniffer_20260628-132503-run45.pcapng,ucast_fastpr_sniffer_20260628-132503-run45.pcapng,20260628-132503-run45,438,1782646383.888832000,"Jun 28, 2026 13:33:03.888832000 CEST",89,wpan-tap:6lowpan:ipv6:udp:mle,0x0001,236,5e:a4:a9:0b:57:7b:fd:c2,,,0xffff,,0x8f28,fe80::5ca4:a90b:577b:fdc2,ff02::2,19788,19788,9,1|3|14|18,,,,,63514e316f7417b2,,Parent Request
/home/ewout/.openclaw/workspace-softwaredeveloper/ESPHome-Thread-ED-Switch-Parent/testing/logs/ucast_fastpr-4router-50runs-20260628-043752/20260628-132503-run45/ucast_fastpr_sniffer_20260628-132503-run45.pcapng,ucast_fastpr_sniffer_20260628-132503-run45.pcapng,20260628-132503-run45,447,1782646385.458987000,"Jun 28, 2026 13:33:05.458987000 CEST",89,wpan-tap:6lowpan:ipv6:udp:mle,0x0001,238,5e:a4:a9:0b:57:7b:fd:c2,,,0xffff,,0x8f28,fe80::5ca4:a90b:577b:fdc2,ff02::2,19788,19788,9,1|3|14|18,,,,,8d8d596dc24b25b3,,Parent Request
/home/ewout/.openclaw/workspace-softwaredeveloper/ESPHome-Thread-ED-Switch-Parent/testing/logs/ucast_fastpr-4router-50runs-20260628-043752/20260628-132503-run45/ucast_fastpr_sniffer_20260628-132503-run45.pcapng,ucast_fastpr_sniffer_20260628-132503-run45.pcapng,20260628-132503-run45,448,1782646385.548569000,"Jun 28, 2026 13:33:05.548569000 CEST",139,wpan-tap:6lowpan:ipv6:udp:mle,0x0001,18,ee:82:58:b2:86:2d:de:54,5e:a4:a9:0b:57:7b:fd:c2,,,,0x8f28,fe80::ec82:58b2:862d:de54,fe80::5ca4:a90b:577b:fdc2,19788,19788,10,0|11|5|8|4|3|16|15|18,,,,,b7c42e8036c165c7,8d8d596dc24b25b3,Parent Response
/home/ewout/.openclaw/workspace-softwaredeveloper/ESPHome-Thread-ED-Switch-Parent/testing/logs/ucast_fastpr-4router-50runs-20260628-043752/20260628-132503-run45/ucast_fastpr_sniffer_20260628-132503-run45.pcapng,ucast_fastpr_sniffer_20260628-132503-run45.pcapng,20260628-132503-run45,451,1782646385.681679000,"Jun 28, 2026 13:33:05.681679000 CEST",89,wpan-tap:6lowpan:ipv6:udp:mle,0x0001,19,ee:82:58:b2:86:2d:de:54,,,0xffff,,0x8f28,fe80::ec82:58b2:862d:de54,ff02::2,19788,19788,9,1|3|14|18,,,,,63f35a08ed61bab3,,Parent Request
/home/ewout/.openclaw/workspace-softwaredeveloper/ESPHome-Thread-ED-Switch-Parent/testing/logs/ucast_fastpr-4router-50runs-20260628-043752/20260628-132503-run45/ucast_fastpr_sniffer_20260628-132503-run45.pcapng,ucast_fastpr_sniffer_20260628-132503-run45.pcapng,20260628-132503-run45,452,1782646385.725083000,"Jun 28, 2026 13:33:05.725083000 CEST",139,wpan-tap:6lowpan:ipv6:udp:mle,0x0001,46,d6:e2:54:b8:34:e3:1a:91,5e:a4:a9:0b:57:7b:fd:c2,,,,0x8f28,fe80::d4e2:54b8:34e3:1a91,fe80::5ca4:a90b:577b:fdc2,19788,19788,10,0|11|5|8|4|3|16|15|18,,,,,8684de0a3bfc8aee,8d8d596dc24b25b3,Parent Response
/home/ewout/.openclaw/workspace-softwaredeveloper/ESPHome-Thread-ED-Switch-Parent/testing/logs/ucast_fastpr-4router-50runs-20260628-043752/20260628-132503-run45/ucast_fastpr_sniffer_20260628-132503-run45.pcapng,ucast_fastpr_sniffer_20260628-132503-run45.pcapng,20260628-132503-run45,454,1782646385.882109000,"Jun 28, 2026 13:33:05.882109000 CEST",139,wpan-tap:6lowpan:ipv6:udp:mle,0x0001,47,d6:e2:54:b8:34:e3:1a:91,ee:82:58:b2:86:2d:de:54,,,,0x8f28,fe80::d4e2:54b8:34e3:1a91,fe80::ec82:58b2:862d:de54,19788,19788,10,0|11|5|8|4|3|16|15|18,,,,,5786f7b247f84f1b,63f35a08ed61bab3,Parent Response
/home/ewout/.openclaw/workspace-softwaredeveloper/ESPHome-Thread-ED-Switch-Parent/testing/logs/ucast_fastpr-4router-50runs-20260628-043752/20260628-132503-run45/ucast_fastpr_sniffer_20260628-132503-run45.pcapng,ucast_fastpr_sniffer_20260628-132503-run45.pcapng,20260628-132503-run45,456,1782646386.210386000,"Jun 28, 2026 13:33:06.210386000 CEST",124,wpan-tap:6lowpan:ipv6:udp:mle,0x0001,239,5e:a4:a9:0b:57:7b:fd:c2,d6:e2:54:b8:34:e3:1a:91,,,,0x8f28,fe80::5ca4:a90b:577b:fdc2,fe80::d4e2:54b8:34e3:1a91,19788,19788,11,4|5|8|1|2|18|13|10|12|9|22,,,,,,8684de0a3bfc8aee,Child ID Request
/home/ewout/.openclaw/workspace-softwaredeveloper/ESPHome-Thread-ED-Switch-Parent/testing/logs/ucast_fastpr-4router-50runs-20260628-043752/20260628-132503-run45/ucast_fastpr_sniffer_20260628-132503-run45.pcapng,ucast_fastpr_sniffer_20260628-132503-run45.pcapng,20260628-132503-run45,458,1782646386.269157000,"Jun 28, 2026 13:33:06.269157000 CEST",122,wpan-tap:6lowpan:ipv6:udp:mle:thread_nwd:thread_meshcop,0x0001,48,d6:e2:54:b8:34:e3:1a:91,5e:a4:a9:0b:57:7b:fd:c2,,,,0x8f28,fe80::d4e2:54b8:34e3:1a91,fe80::5ca4:a90b:577b:fdc2,19788,19788,12,0|11|22|10|12|9,,,,,,,Child ID Response
/home/ewout/.openclaw/workspace-softwaredeveloper/ESPHome-Thread-ED-Switch-Parent/testing/logs/ucast_fastpr-4router-50runs-20260628-043752/20260628-132503-run45/ucast_fastpr_sniffer_20260628-132503-run45.pcapng,ucast_fastpr_sniffer_20260628-132503-run45.pcapng,20260628-132503-run45,464,1782646386.462685000,"Jun 28, 2026 13:33:06.462685000 CEST",124,wpan-tap:6lowpan:ipv6:udp:mle,0x0001,21,ee:82:58:b2:86:2d:de:54,d6:e2:54:b8:34:e3:1a:91,,,,0x8f28,fe80::ec82:58b2:862d:de54,fe80::d4e2:54b8:34e3:1a91,19788,19788,11,4|5|8|1|2|18|13|10|12|9|22,,,,,,5786f7b247f84f1b,Child ID Request
/home/ewout/.openclaw/workspace-softwaredeveloper/ESPHome-Thread-ED-Switch-Parent/testing/logs/ucast_fastpr-4router-50runs-20260628-043752/20260628-132503-run45/ucast_fastpr_sniffer_20260628-132503-run45.pcapng,ucast_fastpr_sniffer_20260628-132503-run45.pcapng,20260628-132503-run45,466,1782646386.531947000,"Jun 28, 2026 13:33:06.531947000 CEST",122,wpan-tap:6lowpan:ipv6:udp:mle:thread_nwd:thread_meshcop,0x0001,50,d6:e2:54:b8:34:e3:1a:91,ee:82:58:b2:86:2d:de:54,,,,0x8f28,fe80::d4e2:54b8:34e3:1a91,fe80::ec82:58b2:862d:de54,19788,19788,12,0|11|22|10|12|9,,,,,,,Child ID Response
